0.0000023361
0.0000023360
0.0000023360
0.0000023359
0.0000023359
0.0000023358
0.0000023357
0.0000023357
0.0000023356
0.0000023356
0.0000023355
0.0000023354
0.0000023354
0.0000023353
0.0000023352
0.0000023352
0.0000023351
0.0000023351
0.0000023350
0.0000023349
0.0000023349
0.0000023348
0.0000023348
0.0000023347
0.0000023346
0.0000023346
0.0000023345
0.0000023344
0.0000023344
0.0000023343
0.0000023343
0.0000023342
0.0000023341
0.0000023341
0.0000023340
0.0000023340
0.0000023339
0.0000023338
0.0000023338
0.0000023337
0.0000023337
0.0000023336
0.0000023335
0.0000023335
0.0000023334
0.0000023333
0.0000023333
0.0000023332
0.0000023332
0.0000023331
0.0000023330
0.0000023330
0.0000023329
0.0000023329
0.0000023328
0.0000023327
0.0000023327
0.0000023326
0.0000023325
0.0000023325
0.0000023324
0.0000023324
0.0000023323
0.0000023322
0.0000023322
0.0000023321
0.0000023321
0.0000023320
0.0000023319
0.0000023319
0.0000023318
0.0000023317
0.0000023317
0.0000023316
0.0000023316
0.0000023315
0.0000023314
0.0000023314
0.0000023313
0.0000023313
0.0000023312
0.0000023311
0.0000023311
0.0000023310
0.0000023310
0.0000023309
0.0000023308
0.0000023308
0.0000023307
0.0000023306
0.0000023306
0.0000023305
0.0000023305
0.0000023304
0.0000023303
0.0000023303
0.0000023302
0.0000023302
0.0000023301
0.0000023300
0.0000023300
0.0000023299
0.0000023298
0.0000023298
0.0000023297
0.0000023297
0.0000023296
0.0000023295
0.0000023295
0.0000023294
0.0000023294
0.0000023293
0.0000023292
0.0000023292
0.0000023291
0.0000023291
0.0000023290
0.0000023289
0.0000023289
0.0000023288
0.0000023287
0.0000023287
0.0000023286
0.0000023286
0.0000023285
0.0000023284
0.0000023284
0.0000023283
0.0000023283
0.0000023282
0.0000023281
0.0000023281
0.0000023280
0.0000023280
0.0000023279
0.0000023278
0.0000023278
0.0000023277
0.0000023276
0.0000023276
0.0000023275
0.0000023275
0.0000023274
0.0000023273
0.0000023273
0.0000023272
0.0000023272
0.0000023271
0.0000023270
0.0000023270
0.0000023269
0.0000023268
0.0000023268
0.0000023267
0.0000023267
0.0000023266
0.0000023265
0.0000023265
0.0000023264
0.0000023264
0.0000023263
0.0000023262
0.0000023262
0.0000023261
0.0000023261
0.0000023260
0.0000023259
0.0000023259
0.0000023258
0.0000023257
0.0000023257
0.0000023256
0.0000023256
0.0000023255
0.0000023254
0.0000023254
0.0000023253
0.0000023253
0.0000023252
0.0000023251
0.0000023251
0.0000023250
0.0000023250
0.0000023249
0.0000023248
0.0000023248
0.0000023247
0.0000023246
0.0000023246
0.0000023245
0.0000023245
0.0000023244
0.0000023243
0.0000023243
0.0000023242
0.0000023242
0.0000023241
0.0000023240
0.0000023240
0.0000023239
0.0000023239
0.0000023238
0.0000023237
0.0000023237
0.0000023236
0.0000023235
0.0000023235
0.0000023234
0.0000023234
0.0000023233
0.0000023232
0.0000023232
0.0000023231
0.0000023231
0.0000023230
0.0000023229
0.0000023229
0.0000023228
0.0000023228
0.0000023227
0.0000023226
0.0000023226
0.0000023225
0.0000023224
0.0000023224
0.0000023223
0.0000023223
0.0000023222
0.0000023221
0.0000023221
0.0000023220
0.0000023220
0.0000023219
0.0000023218
0.0000023218
0.0000023217
0.0000023217
0.0000023216
0.0000023215
0.0000023215
0.0000023214
0.0000023213
0.0000023213
0.0000023212
0.0000023212
0.0000023211
0.0000023210
0.0000023210
0.0000023209
0.0000023209
0.0000023208
0.0000023207
0.0000023207
0.0000023206
0.0000023206
0.0000023205
0.0000023204
0.0000023204
0.0000023203
0.0000023203
0.0000023202
0.0000023201
0.0000023201
0.0000023200
0.0000023199
0.0000023199
0.0000023198
0.0000023198
0.0000023197
0.0000023196
0.0000023196
0.0000023195
0.0000023195
0.0000023194
0.0000023193
0.0000023193
0.0000023192
0.0000023192
0.0000023191
0.0000023190
0.0000023190
0.0000023189
0.0000023188
0.0000023188
0.0000023187
0.0000023187
0.0000023186
0.0000023185
0.0000023185
0.0000023184
0.0000023184
0.0000023183
0.0000023182
0.0000023182
0.0000023181
0.0000023181
0.0000023180
0.0000023179
0.0000023179
0.0000023178
0.0000023178
0.0000023177
0.0000023176
0.0000023176
0.0000023175
0.0000023174
0.0000023174
0.0000023173
0.0000023173
0.0000023172
0.0000023171
0.0000023171
0.0000023170
0.0000023170
0.0000023169
0.0000023168
0.0000023168
0.0000023167
0.0000023167
0.0000023166
0.0000023165
0.0000023165
0.0000023164
0.0000023164
0.0000023163
0.0000023162
0.0000023162
0.0000023161
0.0000023160
0.0000023160
0.0000023159
0.0000023159
0.0000023158
0.0000023157
0.0000023157
0.0000023156
0.0000023156
0.0000023155
0.0000023154
0.0000023154
0.0000023153
0.0000023153
0.0000023152
0.0000023151
0.0000023151
0.0000023150
0.0000023150
0.0000023149
0.0000023148
0.0000023148
0.0000023147
0.0000023146
0.0000023146
0.0000023145
0.0000023145
0.0000023144
0.0000023143
0.0000023143
0.0000023142
0.0000023142
0.0000023141
0.0000023140
0.0000023140
0.0000023139
0.0000023139
0.0000023138
0.0000023137
0.0000023137
0.0000023136
0.0000023136
0.0000023135
0.0000023134
0.0000023134
0.0000023133
0.0000023132
0.0000023132
0.0000023131
0.0000023131
0.0000023130
0.0000023129
0.0000023129
0.0000023128
0.0000023128
0.0000023127
0.0000023126
0.0000023126
0.0000023125
0.0000023125
0.0000023124
0.0000023123
0.0000023123
0.0000023122
0.0000023122
0.0000023121
0.0000023120
0.0000023120
0.0000023119
0.0000023119
0.0000023118
0.0000023117
0.0000023117
0.0000023116
0.0000023115
0.0000023115
0.0000023114
0.0000023114
0.0000023113
0.0000023112
0.0000023112
0.0000023111
0.0000023111
0.0000023110
0.0000023109
0.0000023109
0.0000023108
0.0000023108
0.0000023107
0.0000023106
0.0000023106
0.0000023105
0.0000023105
0.0000023104
0.0000023103
0.0000023103
0.0000023102
0.0000023101
0.0000023101
0.0000023100
0.0000023100
0.0000023099
0.0000023098
0.0000023098
0.0000023097
0.0000023097
0.0000023096
0.0000023095
0.0000023095
0.0000023094
0.0000023094
0.0000023093
0.0000023092
0.0000023092
0.0000023091
0.0000023091
0.0000023090
0.0000023089
0.0000023089
0.0000023088
0.0000023088
0.0000023087
0.0000023086
0.0000023086
0.0000023085
0.0000023085
0.0000023084
0.0000023083
0.0000023083
0.0000023082
0.0000023081
0.0000023081
0.0000023080
0.0000023080
0.0000023079
0.0000023078
0.0000023078
0.0000023077
0.0000023077
0.0000023076
0.0000023075
0.0000023075
0.0000023074
0.0000023074
0.0000023073
0.0000023072
0.0000023072
0.0000023071
0.0000023071
0.0000023070
0.0000023069
0.0000023069
0.0000023068
0.0000023068
0.0000023067
0.0000023066
0.0000023066
0.0000023065
0.0000023064
0.0000023064
0.0000023063
0.0000023063
0.0000023062
0.0000023061
0.0000023061
0.0000023060
0.0000023060
0.0000023059
0.0000023058
0.0000023058
0.0000023057
0.0000023057
0.0000023056
0.0000023055
0.0000023055
0.0000023054
0.0000023054
0.0000023053
0.0000023052
0.0000023052
0.0000023051
0.0000023051
0.0000023050
0.0000023049
0.0000023049
0.0000023048
0.0000023048
0.0000023047
0.0000023046
0.0000023046
0.0000023045
0.0000023044
0.0000023044
0.0000023043
0.0000023043
0.0000023042
0.0000023041
0.0000023041
0.0000023040
0.0000023040
0.0000023039
0.0000023038
0.0000023038
0.0000023037
0.0000023037
0.0000023036
0.0000023035
0.0000023035
0.0000023034
0.0000023034
0.0000023033
0.0000023032
0.0000023032
0.0000023031
0.0000023031
0.0000023030
0.0000023029
0.0000023029
0.0000023028
0.0000023028
0.0000023027
0.0000023026
0.0000023026
0.0000023025
0.0000023025
0.0000023024
0.0000023023
0.0000023023
0.0000023022
0.0000023021
0.0000023021
0.0000023020
0.0000023020
0.0000023019
0.0000023018
0.0000023018
0.0000023017
0.0000023017
0.0000023016
0.0000023015
0.0000023015
0.0000023014
0.0000023014
0.0000023013
0.0000023012
0.0000023012
0.0000023011
0.0000023011
0.0000023010
0.0000023009
0.0000023009
0.0000023008
0.0000023008
0.0000023007
0.0000023006
0.0000023006
0.0000023005
0.0000023005
0.0000023004
0.0000023003
0.0000023003
0.0000023002
0.0000023002
0.0000023001
0.0000023000
0.0000023000
0.0000022999
0.0000022999
0.0000022998
0.0000022997
0.0000022997
0.0000022996
0.0000022996
0.0000022995
0.0000022994
0.0000022994
0.0000022993
0.0000022992
0.0000022992
0.0000022991
0.0000022991
0.0000022990
0.0000022989
0.0000022989
0.0000022988
0.0000022988
0.0000022987
0.0000022986
0.0000022986
0.0000022985
0.0000022985
0.0000022984
0.0000022983
0.0000022983
0.0000022982
0.0000022982
0.0000022981
0.0000022980
0.0000022980
0.0000022979
0.0000022979
0.0000022978
0.0000022977
0.0000022977
0.0000022976
0.0000022976
0.0000022975
0.0000022974
0.0000022974
0.0000022973
0.0000022973
0.0000022972
0.0000022971
0.0000022971
0.0000022970
0.0000022970
0.0000022969
0.0000022968
0.0000022968
0.0000022967
0.0000022967
0.0000022966
0.0000022965
0.0000022965
0.0000022964
0.0000022964
0.0000022963
0.0000022962
0.0000022962
0.0000022961
0.0000022960
0.0000022960
0.0000022959
0.0000022959
0.0000022958
0.0000022957
0.0000022957
0.0000022956
0.0000022956
0.0000022955
0.0000022954
0.0000022954
0.0000022953
0.0000022953
0.0000022952
0.0000022951
0.0000022951
0.0000022950
0.0000022950
0.0000022949
0.0000022948
0.0000022948
0.0000022947
0.0000022947
0.0000022946
0.0000022945
0.0000022945
0.0000022944
0.0000022944
0.0000022943
0.0000022942
0.0000022942
0.0000022941
0.0000022941
0.0000022940
0.0000022939
0.0000022939
0.0000022938
0.0000022938
0.0000022937
0.0000022936
0.0000022936
0.0000022935
0.0000022935
0.0000022934
0.0000022933
0.0000022933
0.0000022932
0.0000022932
0.0000022931
0.0000022930
0.0000022930
0.0000022929
0.0000022929
0.0000022928
0.0000022927
0.0000022927
0.0000022926
0.0000022926
0.0000022925
0.0000022924
0.0000022924
0.0000022923
0.0000022923
0.0000022922
0.0000022921
0.0000022921
0.0000022920
0.0000022920
0.0000022919
0.0000022918
0.0000022918
0.0000022917
0.0000022917
0.0000022916
0.0000022915
0.0000022915
0.0000022914
0.0000022913
0.0000022913
0.0000022912
0.0000022912
0.0000022911
0.0000022910
0.0000022910
0.0000022909
0.0000022909
0.0000022908
0.0000022907
0.0000022907
0.0000022906
0.0000022906
0.0000022905
0.0000022904
0.0000022904
0.0000022903
0.0000022903
0.0000022902
0.0000022901
0.0000022901
0.0000022900
0.0000022900
0.0000022899
0.0000022898
0.0000022898
0.0000022897
0.0000022897
0.0000022896
0.0000022895
0.0000022895
0.0000022894
0.0000022894
0.0000022893
0.0000022892
0.0000022892
0.0000022891
0.0000022891
0.0000022890
0.0000022889
0.0000022889
0.0000022888
0.0000022888
0.0000022887
0.0000022886
0.0000022886
0.0000022885
0.0000022885
0.0000022884
0.0000022883
0.0000022883
0.0000022882
0.0000022882
0.0000022881
0.0000022880
0.0000022880
0.0000022879
0.0000022879
0.0000022878
0.0000022877
0.0000022877
0.0000022876
0.0000022876
0.0000022875
0.0000022874
0.0000022874
0.0000022873
0.0000022873
0.0000022872
0.0000022871
0.0000022871
0.0000022870
0.0000022870
0.0000022869
0.0000022868
0.0000022868
0.0000022867
0.0000022867
0.0000022866
0.0000022865
0.0000022865
0.0000022864
0.0000022864
0.0000022863
0.0000022862
0.0000022862
0.0000022861
0.0000022861
0.0000022860
0.0000022859
0.0000022859
0.0000022858
0.0000022858
0.0000022857
0.0000022856
0.0000022856
0.0000022855
0.0000022855
0.0000022854
0.0000022853
0.0000022853
0.0000022852
0.0000022852
0.0000022851
0.0000022850
0.0000022850
0.0000022849
0.0000022849
0.0000022848
0.0000022847
0.0000022847
0.0000022846
0.0000022846
0.0000022845
0.0000022844
0.0000022844
0.0000022843
0.0000022843
0.0000022842
0.0000022841
0.0000022841
0.0000022840
0.0000022840
0.0000022839
0.0000022838
0.0000022838
0.0000022837
0.0000022837
0.0000022836
0.0000022835
0.0000022835
0.0000022834
0.0000022834
0.0000022833
0.0000022832
0.0000022832
0.0000022831
0.0000022831
0.0000022830
0.0000022829
0.0000022829
0.0000022828
0.0000022828
0.0000022827
0.0000022826
0.0000022826
0.0000022825
0.0000022825
0.0000022824
0.0000022823
0.0000022823
0.0000022822
0.0000022822
0.0000022821
0.0000022820
0.0000022820
0.0000022819
0.0000022819
0.0000022818
0.0000022817
0.0000022817
0.0000022816
0.0000022816
0.0000022815
0.0000022814
0.0000022814
0.0000022813
0.0000022813
0.0000022812
0.0000022811
0.0000022811
0.0000022810
0.0000022810
0.0000022809
0.0000022808
0.0000022808
0.0000022807
0.0000022807
0.0000022806
0.0000022805
0.0000022805
0.0000022804
0.0000022804
0.0000022803
0.0000022802
0.0000022802
0.0000022801
0.0000022801
0.0000022800
0.0000022799
0.0000022799
0.0000022798
0.0000022798
0.0000022797
0.0000022796
0.0000022796
0.0000022795
0.0000022795
0.0000022794
0.0000022793
0.0000022793
0.0000022792
0.0000022792
0.0000022791
0.0000022790
0.0000022790
0.0000022789
0.0000022789
0.0000022788
0.0000022787
0.0000022787
0.0000022786
0.0000022786
0.0000022785
0.0000022784
0.0000022784
0.0000022783
0.0000022783
0.0000022782
0.0000022781
0.0000022781
0.0000022780
0.0000022780
0.0000022779
0.0000022778
0.0000022778
0.0000022777
0.0000022777
0.0000022776
0.0000022776
0.0000022775
0.0000022774
0.0000022774
0.0000022773
0.0000022773
0.0000022772
0.0000022771
0.0000022771
0.0000022770
0.0000022770
0.0000022769
0.0000022768
0.0000022768
0.0000022767
0.0000022767
0.0000022766
0.0000022765
0.0000022765
0.0000022764
0.0000022764
0.0000022763
0.0000022762
0.0000022762
0.0000022761
0.0000022761
0.0000022760
0.0000022759
0.0000022759
0.0000022758
0.0000022758
0.0000022757
0.0000022756
0.0000022756
0.0000022755
0.0000022755
0.0000022754
0.0000022753
0.0000022753
0.0000022752
0.0000022752
0.0000022751
0.0000022750
0.0000022750
0.0000022749
0.0000022749
0.0000022748
0.0000022747
0.0000022747
0.0000022746
0.0000022746
0.0000022745
0.0000022744
0.0000022744
0.0000022743
0.0000022743
0.0000022742
0.0000022741
0.0000022741
0.0000022740
0.0000022740
0.0000022739
0.0000022738
0.0000022738
0.0000022737
0.0000022737
0.0000022736
0.0000022735
0.0000022735
0.0000022734
0.0000022734
0.0000022733
0.0000022732
0.0000022732
0.0000022731
0.0000022731
0.0000022730
0.0000022730
0.0000022729
0.0000022728
0.0000022728
0.0000022727
0.0000022727
0.0000022726
0.0000022725
0.0000022725
0.0000022724
0.0000022724
0.0000022723
0.0000022722
0.0000022722
0.0000022721
0.0000022721
0.0000022720
0.0000022719
0.0000022719
0.0000022718
0.0000022718
0.0000022717
0.0000022716
0.0000022716
0.0000022715
0.0000022715
0.0000022714
0.0000022713
0.0000022713
0.0000022712
0.0000022712
0.0000022711
0.0000022710
0.0000022710
0.0000022709
0.0000022709
0.0000022708
0.0000022707
0.0000022707
0.0000022706
0.0000022706
0.0000022705
0.0000022704
0.0000022704
0.0000022703
0.0000022703
0.0000022702
0.0000022701
0.0000022701
0.0000022700
0.0000022700
0.0000022699
0.0000022698
0.0000022698
0.0000022697
0.0000022697
0.0000022696
0.0000022696
0.0000022695
0.0000022694
0.0000022694
0.0000022693
0.0000022693
0.0000022692
0.0000022691
0.0000022691
0.0000022690
0.0000022690
0.0000022689
0.0000022688
0.0000022688
0.0000022687
0.0000022687
0.0000022686
0.0000022685
0.0000022685
0.0000022684
0.0000022684
0.0000022683
0.0000022682
0.0000022682
0.0000022681
0.0000022681
0.0000022680
0.0000022679
0.0000022679
0.0000022678
0.0000022678
0.0000022677
0.0000022676
0.0000022676
0.0000022675
0.0000022675
0.0000022674
0.0000022673
0.0000022673
0.0000022672
0.0000022672
0.0000022671
0.0000022671
0.0000022670
0.0000022669
0.0000022669
0.0000022668
0.0000022668
0.0000022667
0.0000022666
0.0000022666
0.0000022665
0.0000022665
0.0000022664
0.0000022663
0.0000022663
0.0000022662
0.0000022662
0.0000022661
0.0000022660
0.0000022660
0.0000022659
0.0000022659
0.0000022658
0.0000022657
0.0000022657
0.0000022656
0.0000022656
0.0000022655
0.0000022654
0.0000022654
0.0000022653
0.0000022653
0.0000022652
0.0000022651
0.0000022651
0.0000022650
0.0000022650
0.0000022649
0.0000022648
0.0000022648
0.0000022647
0.0000022647
0.0000022646
0.0000022646
0.0000022645
0.0000022644
0.0000022644
0.0000022643
0.0000022643
0.0000022642
0.0000022641
0.0000022641
0.0000022640
0.0000022640
0.0000022639
0.0000022638
0.0000022638
0.0000022637
0.0000022637
0.0000022636
0.0000022635
0.0000022635
0.0000022634
0.0000022634
0.0000022633
0.0000022632
0.0000022632
0.0000022631
0.0000022631
0.0000022630
0.0000022629
0.0000022629
0.0000022628
0.0000022628
0.0000022627
0.0000022627
0.0000022626
0.0000022625
0.0000022625
0.0000022624
0.0000022624
0.0000022623
0.0000022622
0.0000022622
0.0000022621
0.0000022621
0.0000022620
0.0000022619
0.0000022619
0.0000022618
0.0000022618
0.0000022617
0.0000022616
0.0000022616
0.0000022615
0.0000022615
0.0000022614
0.0000022613
0.0000022613
0.0000022612
0.0000022612
0.0000022611
0.0000022610
0.0000022610
0.0000022609
0.0000022609
0.0000022608
0.0000022608
0.0000022607
0.0000022606
0.0000022606
0.0000022605
0.0000022605
0.0000022604
0.0000022603
0.0000022603
0.0000022602
0.0000022602
0.0000022601
0.0000022600
0.0000022600
0.0000022599
0.0000022599
0.0000022598
0.0000022597
0.0000022597
0.0000022596
0.0000022596
0.0000022595
0.0000022594
0.0000022594
0.0000022593
0.0000022593
0.0000022592
0.0000022592
0.0000022591
0.0000022590
0.0000022590
0.0000022589
0.0000022589
0.0000022588
0.0000022587
0.0000022587
0.0000022586
0.0000022586
0.0000022585
0.0000022584
0.0000022584
0.0000022583
0.0000022583
0.0000022582
0.0000022581
0.0000022581
0.0000022580
0.0000022580
0.0000022579
0.0000022578
0.0000022578
0.0000022577
0.0000022577
0.0000022576
0.0000022576
0.0000022575
0.0000022574
0.0000022574
0.0000022573
0.0000022573
0.0000022572
0.0000022571
0.0000022571
0.0000022570
0.0000022570
0.0000022569
0.0000022568
0.0000022568
0.0000022567
0.0000022567
0.0000022566
0.0000022565
0.0000022565
0.0000022564
0.0000022564
0.0000022563
0.0000022562
0.0000022562
0.0000022561
0.0000022561
0.0000022560
0.0000022560
0.0000022559
0.0000022558
0.0000022558
0.0000022557
0.0000022557
0.0000022556
0.0000022555
0.0000022555
0.0000022554
0.0000022554
0.0000022553
0.0000022552
0.0000022552
0.0000022551
0.0000022551
0.0000022550
0.0000022549
0.0000022549
0.0000022548
0.0000022548
0.0000022547
0.0000022546
0.0000022546
0.0000022545
0.0000022545
0.0000022544
0.0000022544
0.0000022543
0.0000022542
0.0000022542
0.0000022541
0.0000022541
0.0000022540
0.0000022539
0.0000022539
0.0000022538
0.0000022538
0.0000022537
0.0000022536
0.0000022536
0.0000022535
0.0000022535
0.0000022534
0.0000022533
0.0000022533
0.0000022532
0.0000022532
0.0000022531
0.0000022531
0.0000022530
0.0000022529
0.0000022529
0.0000022528
0.0000022528
0.0000022527
0.0000022526
0.0000022526
0.0000022525
0.0000022525
0.0000022524
0.0000022523
0.0000022523
0.0000022522
0.0000022522
0.0000022521
0.0000022520
0.0000022520
0.0000022519
0.0000022519
0.0000022518
0.0000022518
0.0000022517
0.0000022516
0.0000022516
0.0000022515
0.0000022515
0.0000022514
0.0000022513
0.0000022513
0.0000022512
0.0000022512
0.0000022511
0.0000022510
0.0000022510
0.0000022509
0.0000022509
0.0000022508
0.0000022507
0.0000022507
0.0000022506
0.0000022506
0.0000022505
0.0000022505
0.0000022504
0.0000022503
0.0000022503
0.0000022502
0.0000022502
0.0000022501
0.0000022500
0.0000022500
0.0000022499
0.0000022499
0.0000022498
0.0000022497
0.0000022497
0.0000022496
0.0000022496
0.0000022495
0.0000022494
0.0000022494
0.0000022493
0.0000022493
0.0000022492
0.0000022492
0.0000022491
0.0000022490
0.0000022490
0.0000022489
0.0000022489
0.0000022488
0.0000022487
0.0000022487
0.0000022486
0.0000022486
0.0000022485
0.0000022484
0.0000022484
0.0000022483
0.0000022483
0.0000022482
0.0000022482
0.0000022481
0.0000022480
0.0000022480
0.0000022479
0.0000022479
0.0000022478
0.0000022477
0.0000022477
0.0000022476
0.0000022476
0.0000022475
0.0000022474
0.0000022474
0.0000022473
0.0000022473
0.0000022472
0.0000022471
0.0000022471
0.0000022470
0.0000022470
0.0000022469
0.0000022469
0.0000022468
0.0000022467
0.0000022467
0.0000022466
0.0000022466
0.0000022465
0.0000022464
0.0000022464
0.0000022463
0.0000022463
0.0000022462
0.0000022461
0.0000022461
0.0000022460
0.0000022460
0.0000022459
0.0000022459
0.0000022458
0.0000022457
0.0000022457
0.0000022456
0.0000022456
0.0000022455
0.0000022454
0.0000022454
0.0000022453
0.0000022453
0.0000022452
0.0000022451
0.0000022451
0.0000022450
0.0000022450
0.0000022449
0.0000022449
0.0000022448
0.0000022447
0.0000022447
0.0000022446
0.0000022446
0.0000022445
0.0000022444
0.0000022444
0.0000022443
0.0000022443
0.0000022442
0.0000022441
0.0000022441
0.0000022440
0.0000022440
0.0000022439
0.0000022438
0.0000022438
0.0000022437
0.0000022437
0.0000022436
0.0000022436
0.0000022435
0.0000022434
0.0000022434
0.0000022433
0.0000022433
0.0000022432
0.0000022431
0.0000022431
0.0000022430
0.0000022430
0.0000022429
0.0000022428
0.0000022428
0.0000022427
0.0000022427
0.0000022426
0.0000022426
0.0000022425
0.0000022424
0.0000022424
0.0000022423
0.0000022423
0.0000022422
0.0000022421
0.0000022421
0.0000022420
0.0000022420
0.0000022419
0.0000022418
0.0000022418
0.0000022417
0.0000022417
0.0000022416
0.0000022416
0.0000022415
0.0000022414
0.0000022414
0.0000022413
0.0000022413
0.0000022412
0.0000022411
0.0000022411
0.0000022410
0.0000022410
0.0000022409
0.0000022408
0.0000022408
0.0000022407
0.0000022407
0.0000022406
0.0000022406
0.0000022405
0.0000022404
0.0000022404
0.0000022403
0.0000022403
0.0000022402
0.0000022401
0.0000022401
0.0000022400
0.0000022400
0.0000022399
0.0000022399
0.0000022398
0.0000022397
0.0000022397
0.0000022396
0.0000022396
0.0000022395
0.0000022394
0.0000022394
0.0000022393
0.0000022393
0.0000022392
0.0000022391
0.0000022391
0.0000022390
0.0000022390
0.0000022389
0.0000022389
0.0000022388
0.0000022387
0.0000022387
0.0000022386
0.0000022386
0.0000022385
0.0000022384
0.0000022384
0.0000022383
0.0000022383
0.0000022382
0.0000022381
0.0000022381
0.0000022380
0.0000022380
0.0000022379
0.0000022379
0.0000022378
0.0000022377
0.0000022377
0.0000022376
0.0000022376
0.0000022375
0.0000022374
0.0000022374
0.0000022373
0.0000022373
0.0000022372
0.0000022371
0.0000022371
0.0000022370
0.0000022370
0.0000022369
0.0000022369
0.0000022368
0.0000022367
0.0000022367
0.0000022366
0.0000022366
0.0000022365
0.0000022364
0.0000022364
0.0000022363
0.0000022363
0.0000022362
0.0000022362
0.0000022361
0.0000022360
0.0000022360
0.0000022359
0.0000022359
0.0000022358
0.0000022357
0.0000022357
0.0000022356
0.0000022356
0.0000022355
0.0000022354
0.0000022354
0.0000022353
0.0000022353
0.0000022352
0.0000022352
0.0000022351
0.0000022350
0.0000022350
0.0000022349
0.0000022349
0.0000022348
0.0000022347
0.0000022347
0.0000022346
0.0000022346
0.0000022345
0.0000022345
0.0000022344
0.0000022343
0.0000022343
0.0000022342
0.0000022342
0.0000022341
0.0000022340
0.0000022340
0.0000022339
0.0000022339
0.0000022338
0.0000022337
0.0000022337
0.0000022336
0.0000022336
0.0000022335
0.0000022335
0.0000022334
0.0000022333
0.0000022333
0.0000022332
0.0000022332
0.0000022331
0.0000022330
0.0000022330
0.0000022329
0.0000022329
0.0000022328
0.0000022328
0.0000022327
0.0000022326
0.0000022326
0.0000022325
0.0000022325
0.0000022324
0.0000022323
0.0000022323
0.0000022322
0.0000022322
0.0000022321
0.0000022321
0.0000022320
0.0000022319
0.0000022319
0.0000022318
0.0000022318
0.0000022317
0.0000022316
0.0000022316
0.0000022315
0.0000022315
0.0000022314
0.0000022313
0.0000022313
0.0000022312
0.0000022312
0.0000022311
0.0000022311
0.0000022310
0.0000022309
0.0000022309
0.0000022308
0.0000022308
0.0000022307
0.0000022306
0.0000022306
0.0000022305
0.0000022305
0.0000022304
0.0000022304
0.0000022303
0.0000022302
0.0000022302
0.0000022301
0.0000022301
0.0000022300
0.0000022299
0.0000022299
0.0000022298
0.0000022298
0.0000022297
0.0000022297
0.0000022296
0.0000022295
0.0000022295
0.0000022294
0.0000022294
0.0000022293
0.0000022292
0.0000022292
0.0000022291
0.0000022291
0.0000022290
0.0000022290
0.0000022289
0.0000022288
0.0000022288
0.0000022287
0.0000022287
0.0000022286
0.0000022285
0.0000022285
0.0000022284
0.0000022284
0.0000022283
0.0000022282
0.0000022282
0.0000022281
0.0000022281
0.0000022280
0.0000022280
0.0000022279
0.0000022278
0.0000022278
0.0000022277
0.0000022277
0.0000022276
0.0000022275
0.0000022275
0.0000022274
0.0000022274
0.0000022273
0.0000022273
0.0000022272
0.0000022271
0.0000022271
0.0000022270
0.0000022270
0.0000022269
0.0000022268
0.0000022268
0.0000022267
0.0000022267
0.0000022266
0.0000022266
0.0000022265
0.0000022264
0.0000022264
0.0000022263
0.0000022263
0.0000022262
0.0000022261
0.0000022261
0.0000022260
0.0000022260
0.0000022259
0.0000022259
0.0000022258
0.0000022257
0.0000022257
0.0000022256
0.0000022256
0.0000022255
0.0000022254
0.0000022254
0.0000022253
0.0000022253
0.0000022252
0.0000022252
0.0000022251
0.0000022250
0.0000022250
0.0000022249
0.0000022249
0.0000022248
0.0000022247
0.0000022247
0.0000022246
0.0000022246
0.0000022245
0.0000022245
0.0000022244
0.0000022243
0.0000022243
0.0000022242
0.0000022242
0.0000022241
0.0000022240
0.0000022240
0.0000022239
0.0000022239
0.0000022238
0.0000022238
0.0000022237
0.0000022236
0.0000022236
0.0000022235
0.0000022235
0.0000022234
0.0000022233
0.0000022233
0.0000022232
0.0000022232
0.0000022231
0.0000022231
0.0000022230
0.0000022229
0.0000022229
0.0000022228
0.0000022228
0.0000022227
0.0000022226
0.0000022226
0.0000022225
0.0000022225
0.0000022224
0.0000022224
0.0000022223
0.0000022222
0.0000022222
0.0000022221
0.0000022221
0.0000022220
0.0000022219
0.0000022219
0.0000022218
0.0000022218
0.0000022217
0.0000022217
0.0000022216
0.0000022215
0.0000022215
0.0000022214
0.0000022214
0.0000022213
0.0000022212
0.0000022212
0.0000022211
0.0000022211
0.0000022210
0.0000022210
0.0000022209
0.0000022208
0.0000022208
0.0000022207
0.0000022207
0.0000022206
0.0000022206
0.0000022205
0.0000022204
0.0000022204
0.0000022203
0.0000022203
0.0000022202
0.0000022201
0.0000022201
0.0000022200
0.0000022200
0.0000022199
0.0000022199
0.0000022198
0.0000022197
0.0000022197
0.0000022196
0.0000022196
0.0000022195
0.0000022194
0.0000022194
0.0000022193
0.0000022193
0.0000022192
0.0000022192
0.0000022191
0.0000022190
0.0000022190
0.0000022189
0.0000022189
0.0000022188
0.0000022187
0.0000022187
0.0000022186
0.0000022186
0.0000022185
0.0000022185
0.0000022184
0.0000022183
0.0000022183
0.0000022182
0.0000022182
0.0000022181
0.0000022180
0.0000022180
0.0000022179
0.0000022179
0.0000022178
0.0000022178
0.0000022177
0.0000022176
0.0000022176
0.0000022175
0.0000022175
0.0000022174
0.0000022174
0.0000022173
0.0000022172
0.0000022172
0.0000022171
0.0000022171
0.0000022170
0.0000022169
0.0000022169
0.0000022168
0.0000022168
0.0000022167
0.0000022167
0.0000022166
0.0000022165
0.0000022165
0.0000022164
0.0000022164
0.0000022163
0.0000022162
0.0000022162
0.0000022161
0.0000022161
0.0000022160
0.0000022160
0.0000022159
0.0000022158
0.0000022158
0.0000022157
0.0000022157
0.0000022156
0.0000022155
0.0000022155
0.0000022154
0.0000022154
0.0000022153
0.0000022153
0.0000022152
0.0000022151
0.0000022151
0.0000022150
0.0000022150
0.0000022149
0.0000022149
0.0000022148
0.0000022147
0.0000022147
0.0000022146
0.0000022146
0.0000022145
0.0000022144
0.0000022144
0.0000022143
0.0000022143
0.0000022142
0.0000022142
0.0000022141
0.0000022140
0.0000022140
0.0000022139
0.0000022139
0.0000022138
0.0000022137
0.0000022137
0.0000022136
0.0000022136
0.0000022135
0.0000022135
0.0000022134
0.0000022133
0.0000022133
0.0000022132
0.0000022132
0.0000022131
0.0000022131
0.0000022130
0.0000022129
0.0000022129
0.0000022128
0.0000022128
0.0000022127
0.0000022126
0.0000022126
0.0000022125
0.0000022125
0.0000022124
0.0000022124
0.0000022123
0.0000022122
0.0000022122
0.0000022121
0.0000022121
0.0000022120
0.0000022120
0.0000022119
0.0000022118
0.0000022118
0.0000022117
0.0000022117
0.0000022116
0.0000022115
0.0000022115
0.0000022114
0.0000022114
0.0000022113
0.0000022113
0.0000022112
0.0000022111
0.0000022111
0.0000022110
0.0000022110
0.0000022109
0.0000022109
0.0000022108
0.0000022107
0.0000022107
0.0000022106
0.0000022106
0.0000022105
0.0000022104
0.0000022104
0.0000022103
0.0000022103
0.0000022102
0.0000022102
0.0000022101
0.0000022100
0.0000022100
0.0000022099
0.0000022099
0.0000022098
0.0000022097
0.0000022097
0.0000022096
0.0000022096
0.0000022095
0.0000022095
0.0000022094
0.0000022093
0.0000022093
0.0000022092
0.0000022092
0.0000022091
0.0000022091
0.0000022090
0.0000022089
0.0000022089
0.0000022088
0.0000022088
0.0000022087
0.0000022086
0.0000022086
0.0000022085
0.0000022085
0.0000022084
0.0000022084
0.0000022083
0.0000022082
0.0000022082
0.0000022081
0.0000022081
0.0000022080
0.0000022080
0.0000022079
0.0000022078
0.0000022078
0.0000022077
0.0000022077
0.0000022076
0.0000022075
0.0000022075
0.0000022074
0.0000022074
0.0000022073
0.0000022073
0.0000022072
0.0000022071
0.0000022071
0.0000022070
0.0000022070
0.0000022069
0.0000022069
0.0000022068
0.0000022067
0.0000022067
0.0000022066
0.0000022066
0.0000022065
0.0000022065
0.0000022064
0.0000022063
0.0000022063
0.0000022062
0.0000022062
0.0000022061
0.0000022060
0.0000022060
0.0000022059
0.0000022059
0.0000022058
0.0000022058
0.0000022057
0.0000022056
0.0000022056
0.0000022055
0.0000022055
0.0000022054
0.0000022054
0.0000022053
0.0000022052
0.0000022052
0.0000022051
0.0000022051
0.0000022050
0.0000022049
0.0000022049
0.0000022048
0.0000022048
0.0000022047
0.0000022047
0.0000022046
0.0000022045
0.0000022045
0.0000022044
0.0000022044
0.0000022043
0.0000022043
0.0000022042
0.0000022041
0.0000022041
0.0000022040
0.0000022040
0.0000022039
0.0000022038
0.0000022038
0.0000022037
0.0000022037
0.0000022036
0.0000022036
0.0000022035
0.0000022034
0.0000022034
0.0000022033
0.0000022033
0.0000022032
0.0000022032
0.0000022031
0.0000022030
0.0000022030
0.0000022029
0.0000022029
0.0000022028
0.0000022028
0.0000022027
0.0000022026
0.0000022026
0.0000022025
0.0000022025
0.0000022024
0.0000022023
0.0000022023
0.0000022022
0.0000022022
0.0000022021
0.0000022021
0.0000022020
0.0000022019
0.0000022019
0.0000022018
0.0000022018
0.0000022017
0.0000022017
0.0000022016
0.0000022015
0.0000022015
0.0000022014
0.0000022014
0.0000022013
0.0000022013
0.0000022012
0.0000022011
0.0000022011
0.0000022010
0.0000022010
0.0000022009
0.0000022008
0.0000022008
0.0000022007
0.0000022007
0.0000022006
0.0000022006
0.0000022005
0.0000022004
0.0000022004
0.0000022003
0.0000022003
0.0000022002
0.0000022002
0.0000022001
0.0000022000
0.0000022000
0.0000021999
0.0000021999
0.0000021998
0.0000021998
0.0000021997
0.0000021996
0.0000021996
0.0000021995
0.0000021995
0.0000021994
0.0000021993
0.0000021993
0.0000021992
0.0000021992
0.0000021991
0.0000021991
0.0000021990
0.0000021989
0.0000021989
0.0000021988
0.0000021988
0.0000021987
0.0000021987
0.0000021986
0.0000021985
0.0000021985
0.0000021984
0.0000021984
0.0000021983
0.0000021983
0.0000021982
0.0000021981
0.0000021981
0.0000021980
0.0000021980
0.0000021979
0.0000021979
0.0000021978
0.0000021977
0.0000021977
0.0000021976
0.0000021976
0.0000021975
0.0000021974
0.0000021974
0.0000021973
0.0000021973
0.0000021972
0.0000021972
0.0000021971
0.0000021970
0.0000021970
0.0000021969
0.0000021969
0.0000021968
0.0000021968
0.0000021967
0.0000021966
0.0000021966
0.0000021965
0.0000021965
0.0000021964
0.0000021964
0.0000021963
0.0000021962
0.0000021962
0.0000021961
0.0000021961
0.0000021960
0.0000021960
0.0000021959
0.0000021958
0.0000021958
0.0000021957
0.0000021957
0.0000021956
0.0000021955
0.0000021955
0.0000021954
0.0000021954
0.0000021953
0.0000021953
0.0000021952
0.0000021951
0.0000021951
0.0000021950
0.0000021950
0.0000021949
0.0000021949
0.0000021948
0.0000021947
0.0000021947
0.0000021946
0.0000021946
0.0000021945
0.0000021945
0.0000021944
0.0000021943
0.0000021943
0.0000021942
0.0000021942
0.0000021941
0.0000021941
0.0000021940
0.0000021939
0.0000021939
0.0000021938
0.0000021938
0.0000021937
0.0000021937
0.0000021936
0.0000021935
0.0000021935
0.0000021934
0.0000021934
0.0000021933
0.0000021932
0.0000021932
0.0000021931
0.0000021931
0.0000021930
0.0000021930
0.0000021929
0.0000021928
0.0000021928
0.0000021927
0.0000021927
0.0000021926
0.0000021926
0.0000021925
0.0000021924
0.0000021924
0.0000021923
0.0000021923
0.0000021922
0.0000021922
0.0000021921
0.0000021920
0.0000021920
0.0000021919
0.0000021919
0.0000021918
0.0000021918
0.0000021917
0.0000021916
0.0000021916
0.0000021915
0.0000021915
0.0000021914
0.0000021914
0.0000021913
0.0000021912
0.0000021912
0.0000021911
0.0000021911
0.0000021910
0.0000021910
0.0000021909
0.0000021908
0.0000021908
0.0000021907
0.0000021907
0.0000021906
0.0000021906
0.0000021905
0.0000021904
0.0000021904
0.0000021903
0.0000021903
0.0000021902
0.0000021901
0.0000021901
0.0000021900
0.0000021900
0.0000021899
0.0000021899
0.0000021898
0.0000021897
0.0000021897
0.0000021896
0.0000021896
0.0000021895
0.0000021895
0.0000021894
0.0000021893
0.0000021893
0.0000021892
0.0000021892
0.0000021891
0.0000021891
0.0000021890
0.0000021889
0.0000021889
0.0000021888
0.0000021888
0.0000021887
0.0000021887
0.0000021886
0.0000021885
0.0000021885
0.0000021884
0.0000021884
0.0000021883
0.0000021883
0.0000021882
0.0000021881
0.0000021881
0.0000021880
0.0000021880
0.0000021879
0.0000021879
0.0000021878
0.0000021877
0.0000021877
0.0000021876
0.0000021876
0.0000021875
0.0000021875
0.0000021874
0.0000021873
0.0000021873
0.0000021872
0.0000021872
0.0000021871
0.0000021871
0.0000021870
0.0000021869
0.0000021869
0.0000021868
0.0000021868
0.0000021867
0.0000021867
0.0000021866
0.0000021865
0.0000021865
0.0000021864
0.0000021864
0.0000021863
0.0000021863
0.0000021862
0.0000021861
0.0000021861
0.0000021860
0.0000021860
0.0000021859
0.0000021859
0.0000021858
0.0000021857
0.0000021857
0.0000021856
0.0000021856
0.0000021855
0.0000021854
0.0000021854
0.0000021853
0.0000021853
0.0000021852
0.0000021852
0.0000021851
0.0000021850
0.0000021850
0.0000021849
0.0000021849
0.0000021848
0.0000021848
0.0000021847
0.0000021846
0.0000021846
0.0000021845
0.0000021845
0.0000021844
0.0000021844
0.0000021843
0.0000021842
0.0000021842
0.0000021841
0.0000021841
0.0000021840
0.0000021840
0.0000021839
0.0000021838
0.0000021838
0.0000021837
0.0000021837
0.0000021836
0.0000021836
0.0000021835
0.0000021834
0.0000021834
0.0000021833
0.0000021833
0.0000021832
0.0000021832
0.0000021831
0.0000021830
0.0000021830
0.0000021829
0.0000021829
0.0000021828
0.0000021828
0.0000021827
0.0000021826
0.0000021826
0.0000021825
0.0000021825
0.0000021824
0.0000021824
0.0000021823
0.0000021822
0.0000021822
0.0000021821
0.0000021821
0.0000021820
0.0000021820
0.0000021819
0.0000021818
0.0000021818
0.0000021817
0.0000021817
0.0000021816
0.0000021816
0.0000021815
0.0000021814
0.0000021814
0.0000021813
0.0000021813
0.0000021812
0.0000021812
0.0000021811
0.0000021810
0.0000021810
0.0000021809
0.0000021809
0.0000021808
0.0000021808
0.0000021807
0.0000021806
0.0000021806
0.0000021805
0.0000021805
0.0000021804
0.0000021804
0.0000021803
0.0000021802
0.0000021802
0.0000021801
0.0000021801
0.0000021800
0.0000021800
0.0000021799
0.0000021798
0.0000021798
0.0000021797
0.0000021797
0.0000021796
0.0000021796
0.0000021795
0.0000021794
0.0000021794
0.0000021793
0.0000021793
0.0000021792
0.0000021792
0.0000021791
0.0000021790
0.0000021790
0.0000021789
0.0000021789
0.0000021788
0.0000021788
0.0000021787
0.0000021786
0.0000021786
0.0000021785
0.0000021785
0.0000021784
0.0000021784
0.0000021783
0.0000021782
0.0000021782
0.0000021781
0.0000021781
0.0000021780
0.0000021780
0.0000021779
0.0000021779
0.0000021778
0.0000021777
0.0000021777
0.0000021776
0.0000021776
0.0000021775
0.0000021775
0.0000021774
0.0000021773
0.0000021773
0.0000021772
0.0000021772
0.0000021771
0.0000021771
0.0000021770
0.0000021769
0.0000021769
0.0000021768
0.0000021768
0.0000021767
0.0000021767
0.0000021766
0.0000021765
0.0000021765
0.0000021764
0.0000021764
0.0000021763
0.0000021763
0.0000021762
0.0000021761
0.0000021761
0.0000021760
0.0000021760
0.0000021759
0.0000021759
0.0000021758
0.0000021757
0.0000021757
0.0000021756
0.0000021756
0.0000021755
0.0000021755
0.0000021754
0.0000021753
0.0000021753
0.0000021752
0.0000021752
0.0000021751
0.0000021751
0.0000021750
0.0000021749
0.0000021749
0.0000021748
0.0000021748
0.0000021747
0.0000021747
0.0000021746
0.0000021745
0.0000021745
0.0000021744
0.0000021744
0.0000021743
0.0000021743
0.0000021742
0.0000021741
0.0000021741
0.0000021740
0.0000021740
0.0000021739
0.0000021739
0.0000021738
0.0000021737
0.0000021737
0.0000021736
0.0000021736
0.0000021735
0.0000021735
0.0000021734
0.0000021733
0.0000021733
0.0000021732
0.0000021732
0.0000021731
0.0000021731
0.0000021730
0.0000021730
0.0000021729
0.0000021728
0.0000021728
0.0000021727
0.0000021727
0.0000021726
0.0000021726
0.0000021725
0.0000021724
0.0000021724
0.0000021723
0.0000021723
0.0000021722
0.0000021722
0.0000021721
0.0000021720
0.0000021720
0.0000021719
0.0000021719
0.0000021718
0.0000021718
0.0000021717
0.0000021716
0.0000021716
0.0000021715
0.0000021715
0.0000021714
0.0000021714
0.0000021713
0.0000021712
0.0000021712
0.0000021711
0.0000021711
0.0000021710
0.0000021710
0.0000021709
0.0000021708
0.0000021708
0.0000021707
0.0000021707
0.0000021706
0.0000021706
0.0000021705
0.0000021704
0.0000021704
0.0000021703
0.0000021703
0.0000021702
0.0000021702
0.0000021701
0.0000021701
0.0000021700
0.0000021699
0.0000021699
0.0000021698
0.0000021698
0.0000021697
0.0000021697
0.0000021696
0.0000021695
0.0000021695
0.0000021694
0.0000021694
0.0000021693
0.0000021693
0.0000021692
0.0000021691
0.0000021691
0.0000021690
0.0000021690
0.0000021689
0.0000021689
0.0000021688
0.0000021687
0.0000021687
0.0000021686
0.0000021686
0.0000021685
0.0000021685
0.0000021684
0.0000021683
0.0000021683
0.0000021682
0.0000021682
0.0000021681
0.0000021681
0.0000021680
0.0000021679
0.0000021679
0.0000021678
0.0000021678
0.0000021677
0.0000021677
0.0000021676
0.0000021676
0.0000021675
0.0000021674
0.0000021674
0.0000021673
0.0000021673
0.0000021672
0.0000021672
0.0000021671
0.0000021670
0.0000021670
0.0000021669
0.0000021669
0.0000021668
0.0000021668
0.0000021667
0.0000021666
0.0000021666
0.0000021665
0.0000021665
0.0000021664
0.0000021664
0.0000021663
0.0000021662
0.0000021662
0.0000021661
0.0000021661
0.0000021660
0.0000021660
0.0000021659
0.0000021659
0.0000021658
0.0000021657
0.0000021657
0.0000021656
0.0000021656
0.0000021655
0.0000021655
0.0000021654
0.0000021653
0.0000021653
0.0000021652
0.0000021652
0.0000021651
0.0000021651
0.0000021650
0.0000021649
0.0000021649
0.0000021648
0.0000021648
0.0000021647
0.0000021647
0.0000021646
0.0000021645
0.0000021645
0.0000021644
0.0000021644
0.0000021643
0.0000021643
0.0000021642
0.0000021641
0.0000021641
0.0000021640
0.0000021640
0.0000021639
0.0000021639
0.0000021638
0.0000021638
0.0000021637
0.0000021636
0.0000021636
0.0000021635
0.0000021635
0.0000021634
0.0000021634
0.0000021633
0.0000021632
0.0000021632
0.0000021631
0.0000021631
0.0000021630
0.0000021630
0.0000021629
0.0000021628
0.0000021628
0.0000021627
0.0000021627
0.0000021626
0.0000021626
0.0000021625
0.0000021625
0.0000021624
0.0000021623
0.0000021623
0.0000021622
0.0000021622
0.0000021621
0.0000021621
0.0000021620
0.0000021619
0.0000021619
0.0000021618
0.0000021618
0.0000021617
0.0000021617
0.0000021616
0.0000021615
0.0000021615
0.0000021614
0.0000021614
0.0000021613
0.0000021613
0.0000021612
0.0000021611
0.0000021611
0.0000021610
0.0000021610
0.0000021609
0.0000021609
0.0000021608
0.0000021608
0.0000021607
0.0000021606
0.0000021606
0.0000021605
0.0000021605
0.0000021604
0.0000021604
0.0000021603
0.0000021602
0.0000021602
0.0000021601
0.0000021601
0.0000021600
0.0000021600
0.0000021599
0.0000021598
0.0000021598
0.0000021597
0.0000021597
0.0000021596
0.0000021596
0.0000021595
0.0000021595
0.0000021594
0.0000021593
0.0000021593
0.0000021592
0.0000021592
0.0000021591
0.0000021591
0.0000021590
0.0000021589
0.0000021589
0.0000021588
0.0000021588
0.0000021587
0.0000021587
0.0000021586
0.0000021585
0.0000021585
0.0000021584
0.0000021584
0.0000021583
0.0000021583
0.0000021582
0.0000021582
0.0000021581
0.0000021580
0.0000021580
0.0000021579
0.0000021579
0.0000021578
0.0000021578
0.0000021577
0.0000021576
0.0000021576
0.0000021575
0.0000021575
0.0000021574
0.0000021574
0.0000021573
0.0000021572
0.0000021572
0.0000021571
0.0000021571
0.0000021570
0.0000021570
0.0000021569
0.0000021569
0.0000021568
0.0000021567
0.0000021567
0.0000021566
0.0000021566
0.0000021565
0.0000021565
0.0000021564
0.0000021563
0.0000021563
0.0000021562
0.0000021562
0.0000021561
0.0000021561
0.0000021560
0.0000021560
0.0000021559
0.0000021558
0.0000021558
0.0000021557
0.0000021557
0.0000021556
0.0000021556
0.0000021555
0.0000021554
0.0000021554
0.0000021553
0.0000021553
0.0000021552
0.0000021552
0.0000021551
0.0000021550
0.0000021550
0.0000021549
0.0000021549
0.0000021548
0.0000021548
0.0000021547
0.0000021547
0.0000021546
0.0000021545
0.0000021545
0.0000021544
0.0000021544
0.0000021543
0.0000021543
0.0000021542
0.0000021541
0.0000021541
0.0000021540
0.0000021540
0.0000021539
0.0000021539
0.0000021538
0.0000021538
0.0000021537
0.0000021536
0.0000021536
0.0000021535
0.0000021535
0.0000021534
0.0000021534
0.0000021533
0.0000021532
0.0000021532
0.0000021531
0.0000021531
0.0000021530
0.0000021530
0.0000021529
0.0000021528
0.0000021528
0.0000021527
0.0000021527
0.0000021526
0.0000021526
0.0000021525
0.0000021525
0.0000021524
0.0000021523
0.0000021523
0.0000021522
0.0000021522
0.0000021521
0.0000021521
0.0000021520
0.0000021519
0.0000021519
0.0000021518
0.0000021518
0.0000021517
0.0000021517
0.0000021516
0.0000021516
0.0000021515
0.0000021514
0.0000021514
0.0000021513
0.0000021513
0.0000021512
0.0000021512
0.0000021511
0.0000021510
0.0000021510
0.0000021509
0.0000021509
0.0000021508
0.0000021508
0.0000021507
0.0000021507
0.0000021506
0.0000021505
0.0000021505
0.0000021504
0.0000021504
0.0000021503
0.0000021503
0.0000021502
0.0000021501
0.0000021501
0.0000021500
0.0000021500
0.0000021499
0.0000021499
0.0000021498
0.0000021498
0.0000021497
0.0000021496
0.0000021496
0.0000021495
0.0000021495
0.0000021494
0.0000021494
0.0000021493
0.0000021492
0.0000021492
0.0000021491
0.0000021491
0.0000021490
0.0000021490
0.0000021489
0.0000021489
0.0000021488
0.0000021487
0.0000021487
0.0000021486
0.0000021486
0.0000021485
0.0000021485
0.0000021484
0.0000021483
0.0000021483
0.0000021482
0.0000021482
0.0000021481
0.0000021481
0.0000021480
0.0000021480
0.0000021479
0.0000021478
0.0000021478
0.0000021477
0.0000021477
0.0000021476
0.0000021476
0.0000021475
0.0000021474
0.0000021474
0.0000021473
0.0000021473
0.0000021472
0.0000021472
0.0000021471
0.0000021471
0.0000021470
0.0000021469
0.0000021469
0.0000021468
0.0000021468
0.0000021467
0.0000021467
0.0000021466
0.0000021465
0.0000021465
0.0000021464
0.0000021464
0.0000021463
0.0000021463
0.0000021462
0.0000021462
0.0000021461
0.0000021460
0.0000021460
0.0000021459
0.0000021459
0.0000021458
0.0000021458
0.0000021457
0.0000021456
0.0000021456
0.0000021455
0.0000021455
0.0000021454
0.0000021454
0.0000021453
0.0000021453
0.0000021452
0.0000021451
0.0000021451
0.0000021450
0.0000021450
0.0000021449
0.0000021449
0.0000021448
0.0000021448
0.0000021447
0.0000021446
0.0000021446
0.0000021445
0.0000021445
0.0000021444
0.0000021444
0.0000021443
0.0000021442
0.0000021442
0.0000021441
0.0000021441
0.0000021440
0.0000021440
0.0000021439
0.0000021439
0.0000021438
0.0000021437
0.0000021437
0.0000021436
0.0000021436
0.0000021435
0.0000021435
0.0000021434
0.0000021433
0.0000021433
0.0000021432
0.0000021432
0.0000021431
0.0000021431
0.0000021430
0.0000021430
0.0000021429
0.0000021428
0.0000021428
0.0000021427
0.0000021427
0.0000021426
0.0000021426
0.0000021425
0.0000021425
0.0000021424
0.0000021423
0.0000021423
0.0000021422
0.0000021422
0.0000021421
0.0000021421
0.0000021420
0.0000021419
0.0000021419
0.0000021418
0.0000021418
0.0000021417
0.0000021417
0.0000021416
0.0000021416
0.0000021415
0.0000021414
0.0000021414
0.0000021413
0.0000021413
0.0000021412
0.0000021412
0.0000021411
0.0000021411
0.0000021410
0.0000021409
0.0000021409
0.0000021408
0.0000021408
0.0000021407
0.0000021407
0.0000021406
0.0000021405
0.0000021405
0.0000021404
0.0000021404
0.0000021403
0.0000021403
0.0000021402
0.0000021402
0.0000021401
0.0000021400
0.0000021400
0.0000021399
0.0000021399
0.0000021398
0.0000021398
0.0000021397
0.0000021397
0.0000021396
0.0000021395
0.0000021395
0.0000021394
0.0000021394
0.0000021393
0.0000021393
0.0000021392
0.0000021391
0.0000021391
0.0000021390
0.0000021390
0.0000021389
0.0000021389
0.0000021388
0.0000021388
0.0000021387
0.0000021386
0.0000021386
0.0000021385
0.0000021385
0.0000021384
0.0000021384
0.0000021383
0.0000021383
0.0000021382
0.0000021381
0.0000021381
0.0000021380
0.0000021380
0.0000021379
0.0000021379
0.0000021378
0.0000021377
0.0000021377
0.0000021376
0.0000021376
0.0000021375
0.0000021375
0.0000021374
0.0000021374
0.0000021373
0.0000021372
0.0000021372
0.0000021371
0.0000021371
0.0000021370
0.0000021370
0.0000021369
0.0000021369
0.0000021368
0.0000021367
0.0000021367
0.0000021366
0.0000021366
0.0000021365
0.0000021365
0.0000021364
0.0000021364
0.0000021363
0.0000021362
0.0000021362
0.0000021361
0.0000021361
0.0000021360
0.0000021360
0.0000021359
0.0000021358
0.0000021358
0.0000021357
0.0000021357
0.0000021356
0.0000021356
0.0000021355
0.0000021355
0.0000021354
0.0000021353
0.0000021353
0.0000021352
0.0000021352
0.0000021351
0.0000021351
0.0000021350
0.0000021350
0.0000021349
0.0000021348
0.0000021348
0.0000021347
0.0000021347
0.0000021346
0.0000021346
0.0000021345
0.0000021345
0.0000021344
0.0000021343
0.0000021343
0.0000021342
0.0000021342
0.0000021341
0.0000021341
0.0000021340
0.0000021339
0.0000021339
0.0000021338
0.0000021338
0.0000021337
0.0000021337
0.0000021336
0.0000021336
0.0000021335
0.0000021334
0.0000021334
0.0000021333
0.0000021333
0.0000021332
0.0000021332
0.0000021331
0.0000021331
0.0000021330
0.0000021329
0.0000021329
0.0000021328
0.0000021328
0.0000021327
0.0000021327
0.0000021326
0.0000021326
0.0000021325
0.0000021324
0.0000021324
0.0000021323
0.0000021323
0.0000021322
0.0000021322
0.0000021321
0.0000021321
0.0000021320
0.0000021319
0.0000021319
0.0000021318
0.0000021318
0.0000021317
0.0000021317
0.0000021316
0.0000021315
0.0000021315
0.0000021314
0.0000021314
0.0000021313
0.0000021313
0.0000021312
0.0000021312
0.0000021311
0.0000021310
0.0000021310
0.0000021309
0.0000021309
0.0000021308
0.0000021308
0.0000021307
0.0000021307
0.0000021306
0.0000021305
0.0000021305
0.0000021304
0.0000021304
0.0000021303
0.0000021303
0.0000021302
0.0000021302
0.0000021301
0.0000021300
0.0000021300
0.0000021299
0.0000021299
0.0000021298
0.0000021298
0.0000021297
0.0000021297
0.0000021296
0.0000021295
0.0000021295
0.0000021294
0.0000021294
0.0000021293
0.0000021293
0.0000021292
0.0000021292
0.0000021291
0.0000021290
0.0000021290
0.0000021289
0.0000021289
0.0000021288
0.0000021288
0.0000021287
0.0000021287
0.0000021286
0.0000021285
0.0000021285
0.0000021284
0.0000021284
0.0000021283
0.0000021283
0.0000021282
0.0000021282
0.0000021281
0.0000021280
0.0000021280
0.0000021279
0.0000021279
0.0000021278
0.0000021278
0.0000021277
0.0000021276
0.0000021276
0.0000021275
0.0000021275
0.0000021274
0.0000021274
0.0000021273
0.0000021273
0.0000021272
0.0000021271
0.0000021271
0.0000021270
0.0000021270
0.0000021269
0.0000021269
0.0000021268
0.0000021268
0.0000021267
0.0000021266
0.0000021266
0.0000021265
0.0000021265
0.0000021264
0.0000021264
0.0000021263
0.0000021263
0.0000021262
0.0000021261
0.0000021261
0.0000021260
0.0000021260
0.0000021259
0.0000021259
0.0000021258
0.0000021258
0.0000021257
0.0000021256
0.0000021256
0.0000021255
0.0000021255
0.0000021254
0.0000021254
0.0000021253
0.0000021253
0.0000021252
0.0000021251
0.0000021251
0.0000021250
0.0000021250
0.0000021249
0.0000021249
0.0000021248
0.0000021248
0.0000021247
0.0000021246
0.0000021246
0.0000021245
0.0000021245
0.0000021244
0.0000021244
0.0000021243
0.0000021243
0.0000021242
0.0000021241
0.0000021241
0.0000021240
0.0000021240
0.0000021239
0.0000021239
0.0000021238
0.0000021238
0.0000021237
0.0000021236
0.0000021236
0.0000021235
0.0000021235
0.0000021234
0.0000021234
0.0000021233
0.0000021233
0.0000021232
0.0000021231
0.0000021231
0.0000021230
0.0000021230
0.0000021229
0.0000021229
0.0000021228
0.0000021228
0.0000021227
0.0000021226
0.0000021226
0.0000021225
0.0000021225
0.0000021224
0.0000021224
0.0000021223
0.0000021223
0.0000021222
0.0000021221
0.0000021221
0.0000021220
0.0000021220
0.0000021219
0.0000021219
0.0000021218
0.0000021218
0.0000021217
0.0000021216
0.0000021216
0.0000021215
0.0000021215
0.0000021214
0.0000021214
0.0000021213
0.0000021213
0.0000021212
0.0000021211
0.0000021211
0.0000021210
0.0000021210
0.0000021209
0.0000021209
0.0000021208
0.0000021208
0.0000021207
0.0000021206
0.0000021206
0.0000021205
0.0000021205
0.0000021204
0.0000021204
0.0000021203
0.0000021203
0.0000021202
0.0000021202
0.0000021201
0.0000021200
0.0000021200
0.0000021199
0.0000021199
0.0000021198
0.0000021198
0.0000021197
0.0000021197
0.0000021196
0.0000021195
0.0000021195
0.0000021194
0.0000021194
0.0000021193
0.0000021193
0.0000021192
0.0000021192
0.0000021191
0.0000021190
0.0000021190
0.0000021189
0.0000021189
0.0000021188
0.0000021188
0.0000021187
0.0000021187
0.0000021186
0.0000021185
0.0000021185
0.0000021184
0.0000021184
0.0000021183
0.0000021183
0.0000021182
0.0000021182
0.0000021181
0.0000021180
0.0000021180
0.0000021179
0.0000021179
0.0000021178
0.0000021178
0.0000021177
0.0000021177
0.0000021176
0.0000021175
0.0000021175
0.0000021174
0.0000021174
0.0000021173
0.0000021173
0.0000021172
0.0000021172
0.0000021171
0.0000021170
0.0000021170
0.0000021169
0.0000021169
0.0000021168
0.0000021168
0.0000021167
0.0000021167
0.0000021166
0.0000021165
0.0000021165
0.0000021164
0.0000021164
0.0000021163
0.0000021163
0.0000021162
0.0000021162
0.0000021161
0.0000021161
0.0000021160
0.0000021159
0.0000021159
0.0000021158
0.0000021158
0.0000021157
0.0000021157
0.0000021156
0.0000021156
0.0000021155
0.0000021154
0.0000021154
0.0000021153
0.0000021153
0.0000021152
0.0000021152
0.0000021151
0.0000021151
0.0000021150
0.0000021149
0.0000021149
0.0000021148
0.0000021148
0.0000021147
0.0000021147
0.0000021146
0.0000021146
0.0000021145
0.0000021144
0.0000021144
0.0000021143
0.0000021143
0.0000021142
0.0000021142
0.0000021141
0.0000021141
0.0000021140
0.0000021139
0.0000021139
0.0000021138
0.0000021138
0.0000021137
0.0000021137
0.0000021136
0.0000021136
0.0000021135
0.0000021135
0.0000021134
0.0000021133
0.0000021133
0.0000021132
0.0000021132
0.0000021131
0.0000021131
0.0000021130
0.0000021130
0.0000021129
0.0000021128
0.0000021128
0.0000021127
0.0000021127
0.0000021126
0.0000021126
0.0000021125
0.0000021125
0.0000021124
0.0000021123
0.0000021123
0.0000021122
0.0000021122
0.0000021121
0.0000021121
0.0000021120
0.0000021120
0.0000021119
0.0000021119
0.0000021118
0.0000021117
0.0000021117
0.0000021116
0.0000021116
0.0000021115
0.0000021115
0.0000021114
0.0000021114
0.0000021113
0.0000021112
0.0000021112
0.0000021111
0.0000021111
0.0000021110
0.0000021110
0.0000021109
0.0000021109
0.0000021108
0.0000021107
0.0000021107
0.0000021106
0.0000021106
0.0000021105
0.0000021105
0.0000021104
0.0000021104
0.0000021103
0.0000021102
0.0000021102
0.0000021101
0.0000021101
0.0000021100
0.0000021100
0.0000021099
0.0000021099
0.0000021098
0.0000021098
0.0000021097
0.0000021096
0.0000021096
0.0000021095
0.0000021095
0.0000021094
0.0000021094
0.0000021093
0.0000021093
0.0000021092
0.0000021091
0.0000021091
0.0000021090
0.0000021090
0.0000021089
0.0000021089
0.0000021088
0.0000021088
0.0000021087
0.0000021086
0.0000021086
0.0000021085
0.0000021085
0.0000021084
0.0000021084
0.0000021083
0.0000021083
0.0000021082
0.0000021082
0.0000021081
0.0000021080
0.0000021080
0.0000021079
0.0000021079
0.0000021078
0.0000021078
0.0000021077
0.0000021077
0.0000021076
0.0000021075
0.0000021075
0.0000021074
0.0000021074
0.0000021073
0.0000021073
0.0000021072
0.0000021072
0.0000021071
0.0000021071
0.0000021070
0.0000021069
0.0000021069
0.0000021068
0.0000021068
0.0000021067
0.0000021067
0.0000021066
0.0000021066
0.0000021065
0.0000021064
0.0000021064
0.0000021063
0.0000021063
0.0000021062
0.0000021062
0.0000021061
0.0000021061
0.0000021060
0.0000021060
0.0000021059
0.0000021058
0.0000021058
0.0000021057
0.0000021057
0.0000021056
0.0000021056
0.0000021055
0.0000021055
0.0000021054
0.0000021053
0.0000021053
0.0000021052
0.0000021052
0.0000021051
0.0000021051
0.0000021050
0.0000021050
0.0000021049
0.0000021048
0.0000021048
0.0000021047
0.0000021047
0.0000021046
0.0000021046
0.0000021045
0.0000021045
0.0000021044
0.0000021044
0.0000021043
0.0000021042
0.0000021042
0.0000021041
0.0000021041
0.0000021040
0.0000021040
0.0000021039
0.0000021039
0.0000021038
0.0000021037
0.0000021037
0.0000021036
0.0000021036
0.0000021035
0.0000021035
0.0000021034
0.0000021034
0.0000021033
0.0000021033
0.0000021032
0.0000021031
0.0000021031
0.0000021030
0.0000021030
0.0000021029
0.0000021029
0.0000021028
0.0000021028
0.0000021027
0.0000021026
0.0000021026
0.0000021025
0.0000021025
0.0000021024
0.0000021024
0.0000021023
0.0000021023
0.0000021022
0.0000021022
0.0000021021
0.0000021020
0.0000021020
0.0000021019
0.0000021019
0.0000021018
0.0000021018
0.0000021017
0.0000021017
0.0000021016
0.0000021016
0.0000021015
0.0000021014
0.0000021014
0.0000021013
0.0000021013
0.0000021012
0.0000021012
0.0000021011
0.0000021011
0.0000021010
0.0000021009
0.0000021009
0.0000021008
0.0000021008
0.0000021007
0.0000021007
0.0000021006
0.0000021006
0.0000021005
0.0000021005
0.0000021004
0.0000021003
0.0000021003
0.0000021002
0.0000021002
0.0000021001
0.0000021001
0.0000021000
0.0000021000
0.0000020999
0.0000020998
0.0000020998
0.0000020997
0.0000020997
0.0000020996
0.0000020996
0.0000020995
0.0000020995
0.0000020994
0.0000020994
0.0000020993
0.0000020992
0.0000020992
0.0000020991
0.0000020991
0.0000020990
0.0000020990
0.0000020989
0.0000020989
0.0000020988
0.0000020988
0.0000020987
0.0000020986
0.0000020986
0.0000020985
0.0000020985
0.0000020984
0.0000020984
0.0000020983
0.0000020983
0.0000020982
0.0000020981
0.0000020981
0.0000020980
0.0000020980
0.0000020979
0.0000020979
0.0000020978
0.0000020978
0.0000020977
0.0000020977
0.0000020976
0.0000020975
0.0000020975
0.0000020974
0.0000020974
0.0000020973
0.0000020973
0.0000020972
0.0000020972
0.0000020971
0.0000020971
0.0000020970
0.0000020969
0.0000020969
0.0000020968
0.0000020968
0.0000020967
0.0000020967
0.0000020966
0.0000020966
0.0000020965
0.0000020964
0.0000020964
0.0000020963
0.0000020963
0.0000020962
0.0000020962
0.0000020961
0.0000020961
0.0000020960
0.0000020960
0.0000020959
0.0000020958
0.0000020958
0.0000020957
0.0000020957
0.0000020956
0.0000020956
0.0000020955
0.0000020955
0.0000020954
0.0000020954
0.0000020953
0.0000020952
0.0000020952
0.0000020951
0.0000020951
0.0000020950
0.0000020950
0.0000020949
0.0000020949
0.0000020948
0.0000020947
0.0000020947
0.0000020946
0.0000020946
0.0000020945
0.0000020945
0.0000020944
0.0000020944
0.0000020943
0.0000020943
0.0000020942
0.0000020941
0.0000020941
0.0000020940
0.0000020940
0.0000020939
0.0000020939
0.0000020938
0.0000020938
0.0000020937
0.0000020937
0.0000020936
0.0000020935
0.0000020935
0.0000020934
0.0000020934
0.0000020933
0.0000020933
0.0000020932
0.0000020932
0.0000020931
0.0000020931
0.0000020930
0.0000020929
0.0000020929
0.0000020928
0.0000020928
0.0000020927
0.0000020927
0.0000020926
0.0000020926
0.0000020925
0.0000020925
0.0000020924
0.0000020923
0.0000020923
0.0000020922
0.0000020922
0.0000020921
0.0000020921
0.0000020920
0.0000020920
0.0000020919
0.0000020919
0.0000020918
0.0000020917
0.0000020917
0.0000020916
0.0000020916
0.0000020915
0.0000020915
0.0000020914
0.0000020914
0.0000020913
0.0000020912
0.0000020912
0.0000020911
0.0000020911
0.0000020910
0.0000020910
0.0000020909
0.0000020909
0.0000020908
0.0000020908
0.0000020907
0.0000020906
0.0000020906
0.0000020905
0.0000020905
0.0000020904
0.0000020904
0.0000020903
0.0000020903
0.0000020902
0.0000020902
0.0000020901
0.0000020900
0.0000020900
0.0000020899
0.0000020899
0.0000020898
0.0000020898
0.0000020897
0.0000020897
0.0000020896
0.0000020896
0.0000020895
0.0000020894
0.0000020894
0.0000020893
0.0000020893
0.0000020892
0.0000020892
0.0000020891
0.0000020891
0.0000020890
0.0000020890
0.0000020889
0.0000020888
0.0000020888
0.0000020887
0.0000020887
0.0000020886
0.0000020886
0.0000020885
0.0000020885
0.0000020884
0.0000020884
0.0000020883
0.0000020882
0.0000020882
0.0000020881
0.0000020881
0.0000020880
0.0000020880
0.0000020879
0.0000020879
0.0000020878
0.0000020878
0.0000020877
0.0000020876
0.0000020876
0.0000020875
0.0000020875
0.0000020874
0.0000020874
0.0000020873
0.0000020873
0.0000020872
0.0000020872
0.0000020871
0.0000020870
0.0000020870
0.0000020869
0.0000020869
0.0000020868
0.0000020868
0.0000020867
0.0000020867
0.0000020866
0.0000020866
0.0000020865
0.0000020864
0.0000020864
0.0000020863
0.0000020863
0.0000020862
0.0000020862
0.0000020861
0.0000020861
0.0000020860
0.0000020860
0.0000020859
0.0000020858
0.0000020858
0.0000020857
0.0000020857
0.0000020856
0.0000020856
0.0000020855
0.0000020855
0.0000020854
0.0000020854
0.0000020853
0.0000020852
0.0000020852
0.0000020851
0.0000020851
0.0000020850
0.0000020850
0.0000020849
0.0000020849
0.0000020848
0.0000020848
0.0000020847
0.0000020846
0.0000020846
0.0000020845
0.0000020845
0.0000020844
0.0000020844
0.0000020843
0.0000020843
0.0000020842
0.0000020842
0.0000020841
0.0000020840
0.0000020840
0.0000020839
0.0000020839
0.0000020838
0.0000020838
0.0000020837
0.0000020837
0.0000020836
0.0000020836
0.0000020835
0.0000020834
0.0000020834
0.0000020833
0.0000020833
0.0000020832
0.0000020832
0.0000020831
0.0000020831
0.0000020830
0.0000020830
0.0000020829
0.0000020828
0.0000020828
0.0000020827
0.0000020827
0.0000020826
0.0000020826
0.0000020825
0.0000020825
0.0000020824
0.0000020824
0.0000020823
0.0000020823
0.0000020822
0.0000020821
0.0000020821
0.0000020820
0.0000020820
0.0000020819
0.0000020819
0.0000020818
0.0000020818
0.0000020817
0.0000020817
0.0000020816
0.0000020815
0.0000020815
0.0000020814
0.0000020814
0.0000020813
0.0000020813
0.0000020812
0.0000020812
0.0000020811
0.0000020811
0.0000020810
0.0000020809
0.0000020809
0.0000020808
0.0000020808
0.0000020807
0.0000020807
0.0000020806
0.0000020806
0.0000020805
0.0000020805
0.0000020804
0.0000020803
0.0000020803
0.0000020802
0.0000020802
0.0000020801
0.0000020801
0.0000020800
0.0000020800
0.0000020799
0.0000020799
0.0000020798
0.0000020797
0.0000020797
0.0000020796
0.0000020796
0.0000020795
0.0000020795
0.0000020794
0.0000020794
0.0000020793
0.0000020793
0.0000020792
0.0000020792
0.0000020791
0.0000020790
0.0000020790
0.0000020789
0.0000020789
0.0000020788
0.0000020788
0.0000020787
0.0000020787
0.0000020786
0.0000020786
0.0000020785
0.0000020784
0.0000020784
0.0000020783
0.0000020783
0.0000020782
0.0000020782
0.0000020781
0.0000020781
0.0000020780
0.0000020780
0.0000020779
0.0000020778
0.0000020778
0.0000020777
0.0000020777
0.0000020776
0.0000020776
0.0000020775
0.0000020775
0.0000020774
0.0000020774
0.0000020773
0.0000020773
0.0000020772
0.0000020771
0.0000020771
0.0000020770
0.0000020770
0.0000020769
0.0000020769
0.0000020768
0.0000020768
0.0000020767
0.0000020767
0.0000020766
0.0000020765
0.0000020765
0.0000020764
0.0000020764
0.0000020763
0.0000020763
0.0000020762
0.0000020762
0.0000020761
0.0000020761
0.0000020760
0.0000020759
0.0000020759
0.0000020758
0.0000020758
0.0000020757
0.0000020757
0.0000020756
0.0000020756
0.0000020755
0.0000020755
0.0000020754
0.0000020754
0.0000020753
0.0000020752
0.0000020752
0.0000020751
0.0000020751
0.0000020750
0.0000020750
0.0000020749
0.0000020749
0.0000020748
0.0000020748
0.0000020747
0.0000020746
0.0000020746
0.0000020745
0.0000020745
0.0000020744
0.0000020744
0.0000020743
0.0000020743
0.0000020742
0.0000020742
0.0000020741
0.0000020741
0.0000020740
0.0000020739
0.0000020739
0.0000020738
0.0000020738
0.0000020737
0.0000020737
0.0000020736
0.0000020736
0.0000020735
0.0000020735
0.0000020734
0.0000020733
0.0000020733
0.0000020732
0.0000020732
0.0000020731
0.0000020731
0.0000020730
0.0000020730
0.0000020729
0.0000020729
0.0000020728
0.0000020728
0.0000020727
0.0000020726
0.0000020726
0.0000020725
0.0000020725
0.0000020724
0.0000020724
0.0000020723
0.0000020723
0.0000020722
0.0000020722
0.0000020721
0.0000020720
0.0000020720
0.0000020719
0.0000020719
0.0000020718
0.0000020718
0.0000020717
0.0000020717
0.0000020716
0.0000020716
0.0000020715
0.0000020715
0.0000020714
0.0000020713
0.0000020713
0.0000020712
0.0000020712
0.0000020711
0.0000020711
0.0000020710
0.0000020710
0.0000020709
0.0000020709
0.0000020708
0.0000020707
0.0000020707
0.0000020706
0.0000020706
0.0000020705
0.0000020705
0.0000020704
0.0000020704
0.0000020703
0.0000020703
0.0000020702
0.0000020702
0.0000020701
0.0000020700
0.0000020700
0.0000020699
0.0000020699
0.0000020698
0.0000020698
0.0000020697
0.0000020697
0.0000020696
0.0000020696
0.0000020695
0.0000020695
0.0000020694
0.0000020693
0.0000020693
0.0000020692
0.0000020692
0.0000020691
0.0000020691
0.0000020690
0.0000020690
0.0000020689
0.0000020689
0.0000020688
0.0000020687
0.0000020687
0.0000020686
0.0000020686
0.0000020685
0.0000020685
0.0000020684
0.0000020684
0.0000020683
0.0000020683
0.0000020682
0.0000020682
0.0000020681
0.0000020680
0.0000020680
0.0000020679
0.0000020679
0.0000020678
0.0000020678
0.0000020677
0.0000020677
0.0000020676
0.0000020676
0.0000020675
0.0000020675
0.0000020674
0.0000020673
0.0000020673
0.0000020672
0.0000020672
0.0000020671
0.0000020671
0.0000020670
0.0000020670
0.0000020669
0.0000020669
0.0000020668
0.0000020668
0.0000020667
0.0000020666
0.0000020666
0.0000020665
0.0000020665
0.0000020664
0.0000020664
0.0000020663
0.0000020663
0.0000020662
0.0000020662
0.0000020661
0.0000020660
0.0000020660
0.0000020659
0.0000020659
0.0000020658
0.0000020658
0.0000020657
0.0000020657
0.0000020656
0.0000020656
0.0000020655
0.0000020655
0.0000020654
0.0000020653
0.0000020653
0.0000020652
0.0000020652
0.0000020651
0.0000020651
0.0000020650
0.0000020650
0.0000020649
0.0000020649
0.0000020648
0.0000020648
0.0000020647
0.0000020646
0.0000020646
0.0000020645
0.0000020645
0.0000020644
0.0000020644
0.0000020643
0.0000020643
0.0000020642
0.0000020642
0.0000020641
0.0000020641
0.0000020640
0.0000020639
0.0000020639
0.0000020638
0.0000020638
0.0000020637
0.0000020637
0.0000020636
0.0000020636
0.0000020635
0.0000020635
0.0000020634
0.0000020634
0.0000020633
0.0000020632
0.0000020632
0.0000020631
0.0000020631
0.0000020630
0.0000020630
0.0000020629
0.0000020629
0.0000020628
0.0000020628
0.0000020627
0.0000020627
0.0000020626
0.0000020625
0.0000020625
0.0000020624
0.0000020624
0.0000020623
0.0000020623
0.0000020622
0.0000020622
0.0000020621
0.0000020621
0.0000020620
0.0000020620
0.0000020619
0.0000020618
0.0000020618
0.0000020617
0.0000020617
0.0000020616
0.0000020616
0.0000020615
0.0000020615
0.0000020614
0.0000020614
0.0000020613
0.0000020613
0.0000020612
0.0000020611
0.0000020611
0.0000020610
0.0000020610
0.0000020609
0.0000020609
0.0000020608
0.0000020608
0.0000020607
0.0000020607
0.0000020606
0.0000020606
0.0000020605
0.0000020604
0.0000020604
0.0000020603
0.0000020603
0.0000020602
0.0000020602
0.0000020601
0.0000020601
0.0000020600
0.0000020600
0.0000020599
0.0000020599
0.0000020598
0.0000020597
0.0000020597
0.0000020596
0.0000020596
0.0000020595
0.0000020595
0.0000020594
0.0000020594
0.0000020593
0.0000020593
0.0000020592
0.0000020592
0.0000020591
0.0000020590
0.0000020590
0.0000020589
0.0000020589
0.0000020588
0.0000020588
0.0000020587
0.0000020587
0.0000020586
0.0000020586
0.0000020585
0.0000020585
0.0000020584
0.0000020583
0.0000020583
0.0000020582
0.0000020582
0.0000020581
0.0000020581
0.0000020580
0.0000020580
0.0000020579
0.0000020579
0.0000020578
0.0000020578
0.0000020577
0.0000020576
0.0000020576
0.0000020575
0.0000020575
0.0000020574
0.0000020574
0.0000020573
0.0000020573
0.0000020572
0.0000020572
0.0000020571
0.0000020571
0.0000020570
0.0000020569
0.0000020569
0.0000020568
0.0000020568
0.0000020567
0.0000020567
0.0000020566
0.0000020566
0.0000020565
0.0000020565
0.0000020564
0.0000020564
0.0000020563
0.0000020563
0.0000020562
0.0000020561
0.0000020561
0.0000020560
0.0000020560
0.0000020559
0.0000020559
0.0000020558
0.0000020558
0.0000020557
0.0000020557
0.0000020556
0.0000020556
0.0000020555
0.0000020554
0.0000020554
0.0000020553
0.0000020553
0.0000020552
0.0000020552
0.0000020551
0.0000020551
0.0000020550
0.0000020550
0.0000020549
0.0000020549
0.0000020548
0.0000020547
0.0000020547
0.0000020546
0.0000020546
0.0000020545
0.0000020545
0.0000020544
0.0000020544
0.0000020543
0.0000020543
0.0000020542
0.0000020542
0.0000020541
0.0000020541
0.0000020540
0.0000020539
0.0000020539
0.0000020538
0.0000020538
0.0000020537
0.0000020537
0.0000020536
0.0000020536
0.0000020535
0.0000020535
0.0000020534
0.0000020534
0.0000020533
0.0000020532
0.0000020532
0.0000020531
0.0000020531
0.0000020530
0.0000020530
0.0000020529
0.0000020529
0.0000020528
0.0000020528
0.0000020527
0.0000020527
0.0000020526
0.0000020525
0.0000020525
0.0000020524
0.0000020524
0.0000020523
0.0000020523
0.0000020522
0.0000020522
0.0000020521
0.0000020521
0.0000020520
0.0000020520
0.0000020519
0.0000020519
0.0000020518
0.0000020517
0.0000020517
0.0000020516
0.0000020516
0.0000020515
0.0000020515
0.0000020514
0.0000020514
0.0000020513
0.0000020513
0.0000020512
0.0000020512
0.0000020511
0.0000020510
0.0000020510
0.0000020509
0.0000020509
0.0000020508
0.0000020508
0.0000020507
0.0000020507
0.0000020506
0.0000020506
0.0000020505
0.0000020505
0.0000020504
0.0000020504
0.0000020503
0.0000020502
0.0000020502
0.0000020501
0.0000020501
0.0000020500
0.0000020500
0.0000020499
0.0000020499
0.0000020498
0.0000020498
0.0000020497
0.0000020497
0.0000020496
0.0000020496
0.0000020495
0.0000020494
0.0000020494
0.0000020493
