0.0000055665
0.0000055662
0.0000055660
0.0000055658
0.0000055656
0.0000055654
0.0000055652
0.0000055650
0.0000055647
0.0000055645
0.0000055643
0.0000055641
0.0000055639
0.0000055637
0.0000055635
0.0000055633
0.0000055630
0.0000055628
0.0000055626
0.0000055624
0.0000055622
0.0000055620
0.0000055618
0.0000055615
0.0000055613
0.0000055611
0.0000055609
0.0000055607
0.0000055605
0.0000055603
0.0000055600
0.0000055598
0.0000055596
0.0000055594
0.0000055592
0.0000055590
0.0000055588
0.0000055586
0.0000055583
0.0000055581
0.0000055579
0.0000055577
0.0000055575
0.0000055573
0.0000055571
0.0000055568
0.0000055566
0.0000055564
0.0000055562
0.0000055560
0.0000055558
0.0000055556
0.0000055554
0.0000055551
0.0000055549
0.0000055547
0.0000055545
0.0000055543
0.0000055541
0.0000055539
0.0000055537
0.0000055534
0.0000055532
0.0000055530
0.0000055528
0.0000055526
0.0000055524
0.0000055522
0.0000055519
0.0000055517
0.0000055515
0.0000055513
0.0000055511
0.0000055509
0.0000055507
0.0000055505
0.0000055502
0.0000055500
0.0000055498
0.0000055496
0.0000055494
0.0000055492
0.0000055490
0.0000055488
0.0000055485
0.0000055483
0.0000055481
0.0000055479
0.0000055477
0.0000055475
0.0000055473
0.0000055471
0.0000055469
0.0000055466
0.0000055464
0.0000055462
0.0000055460
0.0000055458
0.0000055456
0.0000055454
0.0000055452
0.0000055449
0.0000055447
0.0000055445
0.0000055443
0.0000055441
0.0000055439
0.0000055437
0.0000055435
0.0000055432
0.0000055430
0.0000055428
0.0000055426
0.0000055424
0.0000055422
0.0000055420
0.0000055418
0.0000055416
0.0000055413
0.0000055411
0.0000055409
0.0000055407
0.0000055405
0.0000055403
0.0000055401
0.0000055399
0.0000055396
0.0000055394
0.0000055392
0.0000055390
0.0000055388
0.0000055386
0.0000055384
0.0000055382
0.0000055380
0.0000055377
0.0000055375
0.0000055373
0.0000055371
0.0000055369
0.0000055367
0.0000055365
0.0000055363
0.0000055361
0.0000055358
0.0000055356
0.0000055354
0.0000055352
0.0000055350
0.0000055348
0.0000055346
0.0000055344
0.0000055342
0.0000055339
0.0000055337
0.0000055335
0.0000055333
0.0000055331
0.0000055329
0.0000055327
0.0000055325
0.0000055323
0.0000055321
0.0000055318
0.0000055316
0.0000055314
0.0000055312
0.0000055310
0.0000055308
0.0000055306
0.0000055304
0.0000055302
0.0000055299
0.0000055297
0.0000055295
0.0000055293
0.0000055291
0.0000055289
0.0000055287
0.0000055285
0.0000055283
0.0000055281
0.0000055278
0.0000055276
0.0000055274
0.0000055272
0.0000055270
0.0000055268
0.0000055266
0.0000055264
0.0000055262
0.0000055259
0.0000055257
0.0000055255
0.0000055253
0.0000055251
0.0000055249
0.0000055247
0.0000055245
0.0000055243
0.0000055241
0.0000055238
0.0000055236
0.0000055234
0.0000055232
0.0000055230
0.0000055228
0.0000055226
0.0000055224
0.0000055222
0.0000055220
0.0000055218
0.0000055215
0.0000055213
0.0000055211
0.0000055209
0.0000055207
0.0000055205
0.0000055203
0.0000055201
0.0000055199
0.0000055197
0.0000055194
0.0000055192
0.0000055190
0.0000055188
0.0000055186
0.0000055184
0.0000055182
0.0000055180
0.0000055178
0.0000055176
0.0000055174
0.0000055171
0.0000055169
0.0000055167
0.0000055165
0.0000055163
0.0000055161
0.0000055159
0.0000055157
0.0000055155
0.0000055153
0.0000055151
0.0000055148
0.0000055146
0.0000055144
0.0000055142
0.0000055140
0.0000055138
0.0000055136
0.0000055134
0.0000055132
0.0000055130
0.0000055128
0.0000055125
0.0000055123
0.0000055121
0.0000055119
0.0000055117
0.0000055115
0.0000055113
0.0000055111
0.0000055109
0.0000055107
0.0000055105
0.0000055102
0.0000055100
0.0000055098
0.0000055096
0.0000055094
0.0000055092
0.0000055090
0.0000055088
0.0000055086
0.0000055084
0.0000055082
0.0000055080
0.0000055077
0.0000055075
0.0000055073
0.0000055071
0.0000055069
0.0000055067
0.0000055065
0.0000055063
0.0000055061
0.0000055059
0.0000055057
0.0000055055
0.0000055052
0.0000055050
0.0000055048
0.0000055046
0.0000055044
0.0000055042
0.0000055040
0.0000055038
0.0000055036
0.0000055034
0.0000055032
0.0000055030
0.0000055028
0.0000055025
0.0000055023
0.0000055021
0.0000055019
0.0000055017
0.0000055015
0.0000055013
0.0000055011
0.0000055009
0.0000055007
0.0000055005
0.0000055003
0.0000055001
0.0000054998
0.0000054996
0.0000054994
0.0000054992
0.0000054990
0.0000054988
0.0000054986
0.0000054984
0.0000054982
0.0000054980
0.0000054978
0.0000054976
0.0000054974
0.0000054971
0.0000054969
0.0000054967
0.0000054965
0.0000054963
0.0000054961
0.0000054959
0.0000054957
0.0000054955
0.0000054953
0.0000054951
0.0000054949
0.0000054947
0.0000054945
0.0000054942
0.0000054940
0.0000054938
0.0000054936
0.0000054934
0.0000054932
0.0000054930
0.0000054928
0.0000054926
0.0000054924
0.0000054922
0.0000054920
0.0000054918
0.0000054916
0.0000054914
0.0000054911
0.0000054909
0.0000054907
0.0000054905
0.0000054903
0.0000054901
0.0000054899
0.0000054897
0.0000054895
0.0000054893
0.0000054891
0.0000054889
0.0000054887
0.0000054885
0.0000054883
0.0000054880
0.0000054878
0.0000054876
0.0000054874
0.0000054872
0.0000054870
0.0000054868
0.0000054866
0.0000054864
0.0000054862
0.0000054860
0.0000054858
0.0000054856
0.0000054854
0.0000054852
0.0000054850
0.0000054847
0.0000054845
0.0000054843
0.0000054841
0.0000054839
0.0000054837
0.0000054835
0.0000054833
0.0000054831
0.0000054829
0.0000054827
0.0000054825
0.0000054823
0.0000054821
0.0000054819
0.0000054817
0.0000054814
0.0000054812
0.0000054810
0.0000054808
0.0000054806
0.0000054804
0.0000054802
0.0000054800
0.0000054798
0.0000054796
0.0000054794
0.0000054792
0.0000054790
0.0000054788
0.0000054786
0.0000054784
0.0000054782
0.0000054780
0.0000054777
0.0000054775
0.0000054773
0.0000054771
0.0000054769
0.0000054767
0.0000054765
0.0000054763
0.0000054761
0.0000054759
0.0000054757
0.0000054755
0.0000054753
0.0000054751
0.0000054749
0.0000054747
0.0000054745
0.0000054743
0.0000054741
0.0000054738
0.0000054736
0.0000054734
0.0000054732
0.0000054730
0.0000054728
0.0000054726
0.0000054724
0.0000054722
0.0000054720
0.0000054718
0.0000054716
0.0000054714
0.0000054712
0.0000054710
0.0000054708
0.0000054706
0.0000054704
0.0000054702
0.0000054700
0.0000054697
0.0000054695
0.0000054693
0.0000054691
0.0000054689
0.0000054687
0.0000054685
0.0000054683
0.0000054681
0.0000054679
0.0000054677
0.0000054675
0.0000054673
0.0000054671
0.0000054669
0.0000054667
0.0000054665
0.0000054663
0.0000054661
0.0000054659
0.0000054657
0.0000054655
0.0000054652
0.0000054650
0.0000054648
0.0000054646
0.0000054644
0.0000054642
0.0000054640
0.0000054638
0.0000054636
0.0000054634
0.0000054632
0.0000054630
0.0000054628
0.0000054626
0.0000054624
0.0000054622
0.0000054620
0.0000054618
0.0000054616
0.0000054614
0.0000054612
0.0000054610
0.0000054608
0.0000054606
0.0000054604
0.0000054601
0.0000054599
0.0000054597
0.0000054595
0.0000054593
0.0000054591
0.0000054589
0.0000054587
0.0000054585
0.0000054583
0.0000054581
0.0000054579
0.0000054577
0.0000054575
0.0000054573
0.0000054571
0.0000054569
0.0000054567
0.0000054565
0.0000054563
0.0000054561
0.0000054559
0.0000054557
0.0000054555
0.0000054553
0.0000054551
0.0000054549
0.0000054547
0.0000054544
0.0000054542
0.0000054540
0.0000054538
0.0000054536
0.0000054534
0.0000054532
0.0000054530
0.0000054528
0.0000054526
0.0000054524
0.0000054522
0.0000054520
0.0000054518
0.0000054516
0.0000054514
0.0000054512
0.0000054510
0.0000054508
0.0000054506
0.0000054504
0.0000054502
0.0000054500
0.0000054498
0.0000054496
0.0000054494
0.0000054492
0.0000054490
0.0000054488
0.0000054486
0.0000054484
0.0000054482
0.0000054480
0.0000054478
0.0000054475
0.0000054473
0.0000054471
0.0000054469
0.0000054467
0.0000054465
0.0000054463
0.0000054461
0.0000054459
0.0000054457
0.0000054455
0.0000054453
0.0000054451
0.0000054449
0.0000054447
0.0000054445
0.0000054443
0.0000054441
0.0000054439
0.0000054437
0.0000054435
0.0000054433
0.0000054431
0.0000054429
0.0000054427
0.0000054425
0.0000054423
0.0000054421
0.0000054419
0.0000054417
0.0000054415
0.0000054413
0.0000054411
0.0000054409
0.0000054407
0.0000054405
0.0000054403
0.0000054401
0.0000054399
0.0000054397
0.0000054395
0.0000054393
0.0000054391
0.0000054389
0.0000054386
0.0000054384
0.0000054382
0.0000054380
0.0000054378
0.0000054376
0.0000054374
0.0000054372
0.0000054370
0.0000054368
0.0000054366
0.0000054364
0.0000054362
0.0000054360
0.0000054358
0.0000054356
0.0000054354
0.0000054352
0.0000054350
0.0000054348
0.0000054346
0.0000054344
0.0000054342
0.0000054340
0.0000054338
0.0000054336
0.0000054334
0.0000054332
0.0000054330
0.0000054328
0.0000054326
0.0000054324
0.0000054322
0.0000054320
0.0000054318
0.0000054316
0.0000054314
0.0000054312
0.0000054310
0.0000054308
0.0000054306
0.0000054304
0.0000054302
0.0000054300
0.0000054298
0.0000054296
0.0000054294
0.0000054292
0.0000054290
0.0000054288
0.0000054286
0.0000054284
0.0000054282
0.0000054280
0.0000054278
0.0000054276
0.0000054274
0.0000054272
0.0000054270
0.0000054268
0.0000054266
0.0000054264
0.0000054262
0.0000054260
0.0000054258
0.0000054256
0.0000054254
0.0000054252
0.0000054250
0.0000054248
0.0000054246
0.0000054244
0.0000054242
0.0000054240
0.0000054238
0.0000054236
0.0000054234
0.0000054232
0.0000054230
0.0000054228
0.0000054226
0.0000054224
0.0000054222
0.0000054220
0.0000054218
0.0000054216
0.0000054214
0.0000054212
0.0000054210
0.0000054208
0.0000054206
0.0000054204
0.0000054202
0.0000054200
0.0000054198
0.0000054196
0.0000054194
0.0000054192
0.0000054190
0.0000054188
0.0000054186
0.0000054184
0.0000054182
0.0000054180
0.0000054178
0.0000054176
0.0000054174
0.0000054172
0.0000054170
0.0000054168
0.0000054166
0.0000054164
0.0000054162
0.0000054160
0.0000054158
0.0000054156
0.0000054154
0.0000054152
0.0000054150
0.0000054148
0.0000054146
0.0000054144
0.0000054142
0.0000054140
0.0000054138
0.0000054136
0.0000054134
0.0000054132
0.0000054130
0.0000054128
0.0000054126
0.0000054124
0.0000054122
0.0000054120
0.0000054118
0.0000054116
0.0000054114
0.0000054112
0.0000054110
0.0000054108
0.0000054106
0.0000054104
0.0000054102
0.0000054100
0.0000054098
0.0000054096
0.0000054094
0.0000054092
0.0000054090
0.0000054088
0.0000054086
0.0000054084
0.0000054082
0.0000054080
0.0000054078
0.0000054076
0.0000054074
0.0000054072
0.0000054070
0.0000054068
0.0000054066
0.0000054064
0.0000054062
0.0000054060
0.0000054058
0.0000054056
0.0000054054
0.0000054052
0.0000054050
0.0000054048
0.0000054046
0.0000054044
0.0000054042
0.0000054040
0.0000054038
0.0000054036
0.0000054034
0.0000054032
0.0000054030
0.0000054028
0.0000054026
0.0000054024
0.0000054022
0.0000054020
0.0000054018
0.0000054016
0.0000054014
0.0000054012
0.0000054010
0.0000054008
0.0000054006
0.0000054004
0.0000054002
0.0000054000
0.0000053998
0.0000053996
0.0000053994
0.0000053992
0.0000053990
0.0000053988
0.0000053986
0.0000053984
0.0000053982
0.0000053980
0.0000053979
0.0000053977
0.0000053975
0.0000053973
0.0000053971
0.0000053969
0.0000053967
0.0000053965
0.0000053963
0.0000053961
0.0000053959
0.0000053957
0.0000053955
0.0000053953
0.0000053951
0.0000053949
0.0000053947
0.0000053945
0.0000053943
0.0000053941
0.0000053939
0.0000053937
0.0000053935
0.0000053933
0.0000053931
0.0000053929
0.0000053927
0.0000053925
0.0000053923
0.0000053921
0.0000053919
0.0000053917
0.0000053915
0.0000053913
0.0000053911
0.0000053909
0.0000053907
0.0000053905
0.0000053903
0.0000053901
0.0000053899
0.0000053897
0.0000053895
0.0000053893
0.0000053891
0.0000053890
0.0000053888
0.0000053886
0.0000053884
0.0000053882
0.0000053880
0.0000053878
0.0000053876
0.0000053874
0.0000053872
0.0000053870
0.0000053868
0.0000053866
0.0000053864
0.0000053862
0.0000053860
0.0000053858
0.0000053856
0.0000053854
0.0000053852
0.0000053850
0.0000053848
0.0000053846
0.0000053844
0.0000053842
0.0000053840
0.0000053838
0.0000053836
0.0000053834
0.0000053832
0.0000053830
0.0000053828
0.0000053826
0.0000053824
0.0000053823
0.0000053821
0.0000053819
0.0000053817
0.0000053815
0.0000053813
0.0000053811
0.0000053809
0.0000053807
0.0000053805
0.0000053803
0.0000053801
0.0000053799
0.0000053797
0.0000053795
0.0000053793
0.0000053791
0.0000053789
0.0000053787
0.0000053785
0.0000053783
0.0000053781
0.0000053779
0.0000053777
0.0000053775
0.0000053773
0.0000053771
0.0000053769
0.0000053767
0.0000053766
0.0000053764
0.0000053762
0.0000053760
0.0000053758
0.0000053756
0.0000053754
0.0000053752
0.0000053750
0.0000053748
0.0000053746
0.0000053744
0.0000053742
0.0000053740
0.0000053738
0.0000053736
0.0000053734
0.0000053732
0.0000053730
0.0000053728
0.0000053726
0.0000053724
0.0000053722
0.0000053720
0.0000053718
0.0000053716
0.0000053715
0.0000053713
0.0000053711
0.0000053709
0.0000053707
0.0000053705
0.0000053703
0.0000053701
0.0000053699
0.0000053697
0.0000053695
0.0000053693
0.0000053691
0.0000053689
0.0000053687
0.0000053685
0.0000053683
0.0000053681
0.0000053679
0.0000053677
0.0000053675
0.0000053673
0.0000053671
0.0000053670
0.0000053668
0.0000053666
0.0000053664
0.0000053662
0.0000053660
0.0000053658
0.0000053656
0.0000053654
0.0000053652
0.0000053650
0.0000053648
0.0000053646
0.0000053644
0.0000053642
0.0000053640
0.0000053638
0.0000053636
0.0000053634
0.0000053632
0.0000053630
0.0000053629
0.0000053627
0.0000053625
0.0000053623
0.0000053621
0.0000053619
0.0000053617
0.0000053615
0.0000053613
0.0000053611
0.0000053609
0.0000053607
0.0000053605
0.0000053603
0.0000053601
0.0000053599
0.0000053597
0.0000053595
0.0000053593
0.0000053591
0.0000053590
0.0000053588
0.0000053586
0.0000053584
0.0000053582
0.0000053580
0.0000053578
0.0000053576
0.0000053574
0.0000053572
0.0000053570
0.0000053568
0.0000053566
0.0000053564
0.0000053562
0.0000053560
0.0000053558
0.0000053556
0.0000053555
0.0000053553
0.0000053551
0.0000053549
0.0000053547
0.0000053545
0.0000053543
0.0000053541
0.0000053539
0.0000053537
0.0000053535
0.0000053533
0.0000053531
0.0000053529
0.0000053527
0.0000053525
0.0000053523
0.0000053521
0.0000053520
0.0000053518
0.0000053516
0.0000053514
0.0000053512
0.0000053510
0.0000053508
0.0000053506
0.0000053504
0.0000053502
0.0000053500
0.0000053498
0.0000053496
0.0000053494
0.0000053492
0.0000053490
0.0000053488
0.0000053487
0.0000053485
0.0000053483
0.0000053481
0.0000053479
0.0000053477
0.0000053475
0.0000053473
0.0000053471
0.0000053469
0.0000053467
0.0000053465
0.0000053463
0.0000053461
0.0000053459
0.0000053457
0.0000053456
0.0000053454
0.0000053452
0.0000053450
0.0000053448
0.0000053446
0.0000053444
0.0000053442
0.0000053440
0.0000053438
0.0000053436
0.0000053434
0.0000053432
0.0000053430
0.0000053428
0.0000053427
0.0000053425
0.0000053423
0.0000053421
0.0000053419
0.0000053417
0.0000053415
0.0000053413
0.0000053411
0.0000053409
0.0000053407
0.0000053405
0.0000053403
0.0000053401
0.0000053399
0.0000053398
0.0000053396
0.0000053394
0.0000053392
0.0000053390
0.0000053388
0.0000053386
0.0000053384
0.0000053382
0.0000053380
0.0000053378
0.0000053376
0.0000053374
0.0000053372
0.0000053371
0.0000053369
0.0000053367
0.0000053365
0.0000053363
0.0000053361
0.0000053359
0.0000053357
0.0000053355
0.0000053353
0.0000053351
0.0000053349
0.0000053347
0.0000053345
0.0000053344
0.0000053342
0.0000053340
0.0000053338
0.0000053336
0.0000053334
0.0000053332
0.0000053330
0.0000053328
0.0000053326
0.0000053324
0.0000053322
0.0000053320
0.0000053318
0.0000053317
0.0000053315
0.0000053313
0.0000053311
0.0000053309
0.0000053307
0.0000053305
0.0000053303
0.0000053301
0.0000053299
0.0000053297
0.0000053295
0.0000053293
0.0000053292
0.0000053290
0.0000053288
0.0000053286
0.0000053284
0.0000053282
0.0000053280
0.0000053278
0.0000053276
0.0000053274
0.0000053272
0.0000053270
0.0000053269
0.0000053267
0.0000053265
0.0000053263
0.0000053261
0.0000053259
0.0000053257
0.0000053255
0.0000053253
0.0000053251
0.0000053249
0.0000053247
0.0000053245
0.0000053244
0.0000053242
0.0000053240
0.0000053238
0.0000053236
0.0000053234
0.0000053232
0.0000053230
0.0000053228
0.0000053226
0.0000053224
0.0000053222
0.0000053221
0.0000053219
0.0000053217
0.0000053215
0.0000053213
0.0000053211
0.0000053209
0.0000053207
0.0000053205
0.0000053203
0.0000053201
0.0000053199
0.0000053198
0.0000053196
0.0000053194
0.0000053192
0.0000053190
0.0000053188
0.0000053186
0.0000053184
0.0000053182
0.0000053180
0.0000053178
0.0000053177
0.0000053175
0.0000053173
0.0000053171
0.0000053169
0.0000053167
0.0000053165
0.0000053163
0.0000053161
0.0000053159
0.0000053157
0.0000053155
0.0000053154
0.0000053152
0.0000053150
0.0000053148
0.0000053146
0.0000053144
0.0000053142
0.0000053140
0.0000053138
0.0000053136
0.0000053134
0.0000053133
0.0000053131
0.0000053129
0.0000053127
0.0000053125
0.0000053123
0.0000053121
0.0000053119
0.0000053117
0.0000053115
0.0000053113
0.0000053112
0.0000053110
0.0000053108
0.0000053106
0.0000053104
0.0000053102
0.0000053100
0.0000053098
0.0000053096
0.0000053094
0.0000053093
0.0000053091
0.0000053089
0.0000053087
0.0000053085
0.0000053083
0.0000053081
0.0000053079
0.0000053077
0.0000053075
0.0000053073
0.0000053072
0.0000053070
0.0000053068
0.0000053066
0.0000053064
0.0000053062
0.0000053060
0.0000053058
0.0000053056
0.0000053054
0.0000053053
0.0000053051
0.0000053049
0.0000053047
0.0000053045
0.0000053043
0.0000053041
0.0000053039
0.0000053037
0.0000053035
0.0000053034
0.0000053032
0.0000053030
0.0000053028
0.0000053026
0.0000053024
0.0000053022
0.0000053020
0.0000053018
0.0000053016
0.0000053014
0.0000053013
0.0000053011
0.0000053009
0.0000053007
0.0000053005
0.0000053003
0.0000053001
0.0000052999
0.0000052997
0.0000052996
0.0000052994
0.0000052992
0.0000052990
0.0000052988
0.0000052986
0.0000052984
0.0000052982
0.0000052980
0.0000052978
0.0000052977
0.0000052975
0.0000052973
0.0000052971
0.0000052969
0.0000052967
0.0000052965
0.0000052963
0.0000052961
0.0000052959
0.0000052958
0.0000052956
0.0000052954
0.0000052952
0.0000052950
0.0000052948
0.0000052946
0.0000052944
0.0000052942
0.0000052941
0.0000052939
0.0000052937
0.0000052935
0.0000052933
0.0000052931
0.0000052929
0.0000052927
0.0000052925
0.0000052924
0.0000052922
0.0000052920
0.0000052918
0.0000052916
0.0000052914
0.0000052912
0.0000052910
0.0000052908
0.0000052906
0.0000052905
0.0000052903
0.0000052901
0.0000052899
0.0000052897
0.0000052895
0.0000052893
0.0000052891
0.0000052889
0.0000052888
0.0000052886
0.0000052884
0.0000052882
0.0000052880
0.0000052878
0.0000052876
0.0000052874
0.0000052872
0.0000052871
0.0000052869
0.0000052867
0.0000052865
0.0000052863
0.0000052861
0.0000052859
0.0000052857
0.0000052856
0.0000052854
0.0000052852
0.0000052850
0.0000052848
0.0000052846
0.0000052844
0.0000052842
0.0000052840
0.0000052839
0.0000052837
0.0000052835
0.0000052833
0.0000052831
0.0000052829
0.0000052827
0.0000052825
0.0000052823
0.0000052822
0.0000052820
0.0000052818
0.0000052816
0.0000052814
0.0000052812
0.0000052810
0.0000052808
0.0000052807
0.0000052805
0.0000052803
0.0000052801
0.0000052799
0.0000052797
0.0000052795
0.0000052793
0.0000052791
0.0000052790
0.0000052788
0.0000052786
0.0000052784
0.0000052782
0.0000052780
0.0000052778
0.0000052776
0.0000052775
0.0000052773
0.0000052771
0.0000052769
0.0000052767
0.0000052765
0.0000052763
0.0000052761
0.0000052760
0.0000052758
0.0000052756
0.0000052754
0.0000052752
0.0000052750
0.0000052748
0.0000052746
0.0000052744
0.0000052743
0.0000052741
0.0000052739
0.0000052737
0.0000052735
0.0000052733
0.0000052731
0.0000052729
0.0000052728
0.0000052726
0.0000052724
0.0000052722
0.0000052720
0.0000052718
0.0000052716
0.0000052714
0.0000052713
0.0000052711
0.0000052709
0.0000052707
0.0000052705
0.0000052703
0.0000052701
0.0000052699
0.0000052698
0.0000052696
0.0000052694
0.0000052692
0.0000052690
0.0000052688
0.0000052686
0.0000052684
0.0000052683
0.0000052681
0.0000052679
0.0000052677
0.0000052675
0.0000052673
0.0000052671
0.0000052670
0.0000052668
0.0000052666
0.0000052664
0.0000052662
0.0000052660
0.0000052658
0.0000052656
0.0000052655
0.0000052653
0.0000052651
0.0000052649
0.0000052647
0.0000052645
0.0000052643
0.0000052641
0.0000052640
0.0000052638
0.0000052636
0.0000052634
0.0000052632
0.0000052630
0.0000052628
0.0000052627
0.0000052625
0.0000052623
0.0000052621
0.0000052619
0.0000052617
0.0000052615
0.0000052613
0.0000052612
0.0000052610
0.0000052608
0.0000052606
0.0000052604
0.0000052602
0.0000052600
0.0000052599
0.0000052597
0.0000052595
0.0000052593
0.0000052591
0.0000052589
0.0000052587
0.0000052585
0.0000052584
0.0000052582
0.0000052580
0.0000052578
0.0000052576
0.0000052574
0.0000052572
0.0000052571
0.0000052569
0.0000052567
0.0000052565
0.0000052563
0.0000052561
0.0000052559
0.0000052558
0.0000052556
0.0000052554
0.0000052552
0.0000052550
0.0000052548
0.0000052546
0.0000052544
0.0000052543
0.0000052541
0.0000052539
0.0000052537
0.0000052535
0.0000052533
0.0000052531
0.0000052530
0.0000052528
0.0000052526
0.0000052524
0.0000052522
0.0000052520
0.0000052518
0.0000052517
0.0000052515
0.0000052513
0.0000052511
0.0000052509
0.0000052507
0.0000052505
0.0000052504
0.0000052502
0.0000052500
0.0000052498
0.0000052496
0.0000052494
0.0000052492
0.0000052491
0.0000052489
0.0000052487
0.0000052485
0.0000052483
0.0000052481
0.0000052479
0.0000052478
0.0000052476
0.0000052474
0.0000052472
0.0000052470
0.0000052468
0.0000052466
0.0000052465
0.0000052463
0.0000052461
0.0000052459
0.0000052457
0.0000052455
0.0000052453
0.0000052452
0.0000052450
0.0000052448
0.0000052446
0.0000052444
0.0000052442
0.0000052440
0.0000052439
0.0000052437
0.0000052435
0.0000052433
0.0000052431
0.0000052429
0.0000052428
0.0000052426
0.0000052424
0.0000052422
0.0000052420
0.0000052418
0.0000052416
0.0000052415
0.0000052413
0.0000052411
0.0000052409
0.0000052407
0.0000052405
0.0000052403
0.0000052402
0.0000052400
0.0000052398
0.0000052396
0.0000052394
0.0000052392
0.0000052391
0.0000052389
0.0000052387
0.0000052385
0.0000052383
0.0000052381
0.0000052379
0.0000052378
0.0000052376
0.0000052374
0.0000052372
0.0000052370
0.0000052368
0.0000052366
0.0000052365
0.0000052363
0.0000052361
0.0000052359
0.0000052357
0.0000052355
0.0000052354
0.0000052352
0.0000052350
0.0000052348
0.0000052346
0.0000052344
0.0000052342
0.0000052341
0.0000052339
0.0000052337
0.0000052335
0.0000052333
0.0000052331
0.0000052330
0.0000052328
0.0000052326
0.0000052324
0.0000052322
0.0000052320
0.0000052319
0.0000052317
0.0000052315
0.0000052313
0.0000052311
0.0000052309
0.0000052307
0.0000052306
0.0000052304
0.0000052302
0.0000052300
0.0000052298
0.0000052296
0.0000052295
0.0000052293
0.0000052291
0.0000052289
0.0000052287
0.0000052285
0.0000052284
0.0000052282
0.0000052280
0.0000052278
0.0000052276
0.0000052274
0.0000052272
0.0000052271
0.0000052269
0.0000052267
0.0000052265
0.0000052263
0.0000052261
0.0000052260
0.0000052258
0.0000052256
0.0000052254
0.0000052252
0.0000052250
0.0000052249
0.0000052247
0.0000052245
0.0000052243
0.0000052241
0.0000052239
0.0000052238
0.0000052236
0.0000052234
0.0000052232
0.0000052230
0.0000052228
0.0000052227
0.0000052225
0.0000052223
0.0000052221
0.0000052219
0.0000052217
0.0000052216
0.0000052214
0.0000052212
0.0000052210
0.0000052208
0.0000052206
0.0000052204
0.0000052203
0.0000052201
0.0000052199
0.0000052197
0.0000052195
0.0000052193
0.0000052192
0.0000052190
0.0000052188
0.0000052186
0.0000052184
0.0000052182
0.0000052181
0.0000052179
0.0000052177
0.0000052175
0.0000052173
0.0000052171
0.0000052170
0.0000052168
0.0000052166
0.0000052164
0.0000052162
0.0000052161
0.0000052159
0.0000052157
0.0000052155
0.0000052153
0.0000052151
0.0000052150
0.0000052148
0.0000052146
0.0000052144
0.0000052142
0.0000052140
0.0000052139
0.0000052137
0.0000052135
0.0000052133
0.0000052131
0.0000052129
0.0000052128
0.0000052126
0.0000052124
0.0000052122
0.0000052120
0.0000052118
0.0000052117
0.0000052115
0.0000052113
0.0000052111
0.0000052109
0.0000052107
0.0000052106
0.0000052104
0.0000052102
0.0000052100
0.0000052098
0.0000052097
0.0000052095
0.0000052093
0.0000052091
0.0000052089
0.0000052087
0.0000052086
0.0000052084
0.0000052082
0.0000052080
0.0000052078
0.0000052076
0.0000052075
0.0000052073
0.0000052071
0.0000052069
0.0000052067
0.0000052065
0.0000052064
0.0000052062
0.0000052060
0.0000052058
0.0000052056
0.0000052055
0.0000052053
0.0000052051
0.0000052049
0.0000052047
0.0000052045
0.0000052044
0.0000052042
0.0000052040
0.0000052038
0.0000052036
0.0000052035
0.0000052033
0.0000052031
0.0000052029
0.0000052027
0.0000052025
0.0000052024
0.0000052022
0.0000052020
0.0000052018
0.0000052016
0.0000052014
0.0000052013
0.0000052011
0.0000052009
0.0000052007
0.0000052005
0.0000052004
0.0000052002
0.0000052000
0.0000051998
0.0000051996
0.0000051994
0.0000051993
0.0000051991
0.0000051989
0.0000051987
0.0000051985
0.0000051984
0.0000051982
0.0000051980
0.0000051978
0.0000051976
0.0000051974
0.0000051973
0.0000051971
0.0000051969
0.0000051967
0.0000051965
0.0000051964
0.0000051962
0.0000051960
0.0000051958
0.0000051956
0.0000051954
0.0000051953
0.0000051951
0.0000051949
0.0000051947
0.0000051945
0.0000051944
0.0000051942
0.0000051940
0.0000051938
0.0000051936
0.0000051935
0.0000051933
0.0000051931
0.0000051929
0.0000051927
0.0000051925
0.0000051924
0.0000051922
0.0000051920
0.0000051918
0.0000051916
0.0000051915
0.0000051913
0.0000051911
0.0000051909
0.0000051907
0.0000051906
0.0000051904
0.0000051902
0.0000051900
0.0000051898
0.0000051896
0.0000051895
0.0000051893
0.0000051891
0.0000051889
0.0000051887
0.0000051886
0.0000051884
0.0000051882
0.0000051880
0.0000051878
0.0000051877
0.0000051875
0.0000051873
0.0000051871
0.0000051869
0.0000051868
0.0000051866
0.0000051864
0.0000051862
0.0000051860
0.0000051858
0.0000051857
0.0000051855
0.0000051853
0.0000051851
0.0000051849
0.0000051848
0.0000051846
0.0000051844
0.0000051842
0.0000051840
0.0000051839
0.0000051837
0.0000051835
0.0000051833
0.0000051831
0.0000051830
0.0000051828
0.0000051826
0.0000051824
0.0000051822
0.0000051821
0.0000051819
0.0000051817
0.0000051815
0.0000051813
0.0000051812
0.0000051810
0.0000051808
0.0000051806
0.0000051804
0.0000051803
0.0000051801
0.0000051799
0.0000051797
0.0000051795
0.0000051793
0.0000051792
0.0000051790
0.0000051788
0.0000051786
0.0000051784
0.0000051783
0.0000051781
0.0000051779
0.0000051777
0.0000051775
0.0000051774
0.0000051772
0.0000051770
0.0000051768
0.0000051766
0.0000051765
0.0000051763
0.0000051761
0.0000051759
0.0000051757
0.0000051756
0.0000051754
0.0000051752
0.0000051750
0.0000051748
0.0000051747
0.0000051745
0.0000051743
0.0000051741
0.0000051739
0.0000051738
0.0000051736
0.0000051734
0.0000051732
0.0000051730
0.0000051729
0.0000051727
0.0000051725
0.0000051723
0.0000051721
0.0000051720
0.0000051718
0.0000051716
0.0000051714
0.0000051712
0.0000051711
0.0000051709
0.0000051707
0.0000051705
0.0000051704
0.0000051702
0.0000051700
0.0000051698
0.0000051696
0.0000051695
0.0000051693
0.0000051691
0.0000051689
0.0000051687
0.0000051686
0.0000051684
0.0000051682
0.0000051680
0.0000051678
0.0000051677
0.0000051675
0.0000051673
0.0000051671
0.0000051669
0.0000051668
0.0000051666
0.0000051664
0.0000051662
0.0000051660
0.0000051659
0.0000051657
0.0000051655
0.0000051653
0.0000051651
0.0000051650
0.0000051648
0.0000051646
0.0000051644
0.0000051643
0.0000051641
0.0000051639
0.0000051637
0.0000051635
0.0000051634
0.0000051632
0.0000051630
0.0000051628
0.0000051626
0.0000051625
0.0000051623
0.0000051621
0.0000051619
0.0000051617
0.0000051616
0.0000051614
0.0000051612
0.0000051610
0.0000051608
0.0000051607
0.0000051605
0.0000051603
0.0000051601
0.0000051600
0.0000051598
0.0000051596
0.0000051594
0.0000051592
0.0000051591
0.0000051589
0.0000051587
0.0000051585
0.0000051583
0.0000051582
0.0000051580
0.0000051578
0.0000051576
0.0000051575
0.0000051573
0.0000051571
0.0000051569
0.0000051567
0.0000051566
0.0000051564
0.0000051562
0.0000051560
0.0000051558
0.0000051557
0.0000051555
0.0000051553
0.0000051551
0.0000051550
0.0000051548
0.0000051546
0.0000051544
0.0000051542
0.0000051541
0.0000051539
0.0000051537
0.0000051535
0.0000051533
0.0000051532
0.0000051530
0.0000051528
0.0000051526
0.0000051525
0.0000051523
0.0000051521
0.0000051519
0.0000051517
0.0000051516
0.0000051514
0.0000051512
0.0000051510
0.0000051509
0.0000051507
0.0000051505
0.0000051503
0.0000051501
0.0000051500
0.0000051498
0.0000051496
0.0000051494
0.0000051492
0.0000051491
0.0000051489
0.0000051487
0.0000051485
0.0000051484
0.0000051482
0.0000051480
0.0000051478
0.0000051476
0.0000051475
0.0000051473
0.0000051471
0.0000051469
0.0000051468
0.0000051466
0.0000051464
0.0000051462
0.0000051460
0.0000051459
0.0000051457
0.0000051455
0.0000051453
0.0000051452
0.0000051450
0.0000051448
0.0000051446
0.0000051444
0.0000051443
0.0000051441
0.0000051439
0.0000051437
0.0000051436
0.0000051434
0.0000051432
0.0000051430
0.0000051428
0.0000051427
0.0000051425
0.0000051423
0.0000051421
0.0000051420
0.0000051418
0.0000051416
0.0000051414
0.0000051412
0.0000051411
0.0000051409
0.0000051407
0.0000051405
0.0000051404
0.0000051402
0.0000051400
0.0000051398
0.0000051397
0.0000051395
0.0000051393
0.0000051391
0.0000051389
0.0000051388
0.0000051386
0.0000051384
0.0000051382
0.0000051381
0.0000051379
0.0000051377
0.0000051375
0.0000051373
0.0000051372
0.0000051370
0.0000051368
0.0000051366
0.0000051365
0.0000051363
0.0000051361
0.0000051359
0.0000051358
0.0000051356
0.0000051354
0.0000051352
0.0000051350
0.0000051349
0.0000051347
0.0000051345
0.0000051343
0.0000051342
0.0000051340
0.0000051338
0.0000051336
0.0000051335
0.0000051333
0.0000051331
0.0000051329
0.0000051327
0.0000051326
0.0000051324
0.0000051322
0.0000051320
0.0000051319
0.0000051317
0.0000051315
0.0000051313
0.0000051312
0.0000051310
0.0000051308
0.0000051306
0.0000051304
0.0000051303
0.0000051301
0.0000051299
0.0000051297
0.0000051296
0.0000051294
0.0000051292
0.0000051290
0.0000051289
0.0000051287
0.0000051285
0.0000051283
0.0000051282
0.0000051280
0.0000051278
0.0000051276
0.0000051274
0.0000051273
0.0000051271
0.0000051269
0.0000051267
0.0000051266
0.0000051264
0.0000051262
0.0000051260
0.0000051259
0.0000051257
0.0000051255
0.0000051253
0.0000051252
0.0000051250
0.0000051248
0.0000051246
0.0000051244
0.0000051243
0.0000051241
0.0000051239
0.0000051237
0.0000051236
0.0000051234
0.0000051232
0.0000051230
0.0000051229
0.0000051227
0.0000051225
0.0000051223
0.0000051222
0.0000051220
0.0000051218
0.0000051216
0.0000051215
0.0000051213
0.0000051211
0.0000051209
0.0000051208
0.0000051206
0.0000051204
0.0000051202
0.0000051200
0.0000051199
0.0000051197
0.0000051195
0.0000051193
0.0000051192
0.0000051190
0.0000051188
0.0000051186
0.0000051185
0.0000051183
0.0000051181
0.0000051179
0.0000051178
0.0000051176
0.0000051174
0.0000051172
0.0000051171
0.0000051169
0.0000051167
0.0000051165
0.0000051164
0.0000051162
0.0000051160
0.0000051158
0.0000051157
0.0000051155
0.0000051153
0.0000051151
0.0000051150
0.0000051148
0.0000051146
0.0000051144
0.0000051142
0.0000051141
0.0000051139
0.0000051137
0.0000051135
0.0000051134
0.0000051132
0.0000051130
0.0000051128
0.0000051127
0.0000051125
0.0000051123
0.0000051121
0.0000051120
0.0000051118
0.0000051116
0.0000051114
0.0000051113
0.0000051111
0.0000051109
0.0000051107
0.0000051106
0.0000051104
0.0000051102
0.0000051100
0.0000051099
0.0000051097
0.0000051095
0.0000051093
0.0000051092
0.0000051090
0.0000051088
0.0000051086
0.0000051085
0.0000051083
0.0000051081
0.0000051079
0.0000051078
0.0000051076
0.0000051074
0.0000051072
0.0000051071
0.0000051069
0.0000051067
0.0000051065
0.0000051064
0.0000051062
0.0000051060
0.0000051058
0.0000051057
0.0000051055
0.0000051053
0.0000051051
0.0000051050
0.0000051048
0.0000051046
0.0000051044
0.0000051043
0.0000051041
0.0000051039
0.0000051037
0.0000051036
0.0000051034
0.0000051032
0.0000051030
0.0000051029
0.0000051027
0.0000051025
0.0000051023
0.0000051022
0.0000051020
0.0000051018
0.0000051016
0.0000051015
0.0000051013
0.0000051011
0.0000051009
0.0000051008
0.0000051006
0.0000051004
0.0000051003
0.0000051001
0.0000050999
0.0000050997
0.0000050996
0.0000050994
0.0000050992
0.0000050990
0.0000050989
0.0000050987
0.0000050985
0.0000050983
0.0000050982
0.0000050980
0.0000050978
0.0000050976
0.0000050975
0.0000050973
0.0000050971
0.0000050969
0.0000050968
0.0000050966
0.0000050964
0.0000050962
0.0000050961
0.0000050959
0.0000050957
0.0000050955
0.0000050954
0.0000050952
0.0000050950
0.0000050948
0.0000050947
0.0000050945
0.0000050943
0.0000050942
0.0000050940
0.0000050938
0.0000050936
0.0000050935
0.0000050933
0.0000050931
0.0000050929
0.0000050928
0.0000050926
0.0000050924
0.0000050922
0.0000050921
0.0000050919
0.0000050917
0.0000050915
0.0000050914
0.0000050912
0.0000050910
0.0000050908
0.0000050907
0.0000050905
0.0000050903
0.0000050902
0.0000050900
0.0000050898
0.0000050896
0.0000050895
0.0000050893
0.0000050891
0.0000050889
0.0000050888
0.0000050886
0.0000050884
0.0000050882
0.0000050881
0.0000050879
0.0000050877
0.0000050875
0.0000050874
0.0000050872
0.0000050870
0.0000050869
0.0000050867
0.0000050865
0.0000050863
0.0000050862
0.0000050860
0.0000050858
0.0000050856
0.0000050855
0.0000050853
0.0000050851
0.0000050849
0.0000050848
0.0000050846
0.0000050844
0.0000050842
0.0000050841
0.0000050839
0.0000050837
0.0000050836
0.0000050834
0.0000050832
0.0000050830
0.0000050829
0.0000050827
0.0000050825
0.0000050823
0.0000050822
0.0000050820
0.0000050818
0.0000050817
0.0000050815
0.0000050813
0.0000050811
0.0000050810
0.0000050808
0.0000050806
0.0000050804
0.0000050803
0.0000050801
0.0000050799
0.0000050797
0.0000050796
0.0000050794
0.0000050792
0.0000050791
0.0000050789
0.0000050787
0.0000050785
0.0000050784
0.0000050782
0.0000050780
0.0000050778
0.0000050777
0.0000050775
0.0000050773
0.0000050772
0.0000050770
0.0000050768
0.0000050766
0.0000050765
0.0000050763
0.0000050761
0.0000050759
0.0000050758
0.0000050756
0.0000050754
0.0000050753
0.0000050751
0.0000050749
0.0000050747
0.0000050746
0.0000050744
0.0000050742
0.0000050740
0.0000050739
0.0000050737
0.0000050735
0.0000050734
0.0000050732
0.0000050730
0.0000050728
0.0000050727
0.0000050725
0.0000050723
0.0000050721
0.0000050720
0.0000050718
0.0000050716
0.0000050715
0.0000050713
0.0000050711
0.0000050709
0.0000050708
0.0000050706
0.0000050704
0.0000050702
0.0000050701
0.0000050699
0.0000050697
0.0000050696
0.0000050694
0.0000050692
0.0000050690
0.0000050689
0.0000050687
0.0000050685
0.0000050684
0.0000050682
0.0000050680
0.0000050678
0.0000050677
0.0000050675
0.0000050673
0.0000050671
0.0000050670
0.0000050668
0.0000050666
0.0000050665
0.0000050663
0.0000050661
0.0000050659
0.0000050658
0.0000050656
0.0000050654
0.0000050653
0.0000050651
0.0000050649
0.0000050647
0.0000050646
0.0000050644
0.0000050642
0.0000050641
0.0000050639
0.0000050637
0.0000050635
0.0000050634
0.0000050632
0.0000050630
0.0000050628
0.0000050627
0.0000050625
0.0000050623
0.0000050622
0.0000050620
0.0000050618
0.0000050616
0.0000050615
0.0000050613
0.0000050611
0.0000050610
0.0000050608
0.0000050606
0.0000050604
0.0000050603
0.0000050601
0.0000050599
0.0000050598
0.0000050596
0.0000050594
0.0000050592
0.0000050591
0.0000050589
0.0000050587
0.0000050586
0.0000050584
0.0000050582
0.0000050580
0.0000050579
0.0000050577
0.0000050575
0.0000050574
0.0000050572
0.0000050570
0.0000050568
0.0000050567
0.0000050565
0.0000050563
0.0000050562
0.0000050560
0.0000050558
0.0000050556
0.0000050555
0.0000050553
0.0000050551
0.0000050550
0.0000050548
0.0000050546
0.0000050544
0.0000050543
0.0000050541
0.0000050539
0.0000050538
0.0000050536
0.0000050534
0.0000050532
0.0000050531
0.0000050529
0.0000050527
0.0000050526
0.0000050524
0.0000050522
0.0000050520
0.0000050519
0.0000050517
0.0000050515
0.0000050514
0.0000050512
0.0000050510
0.0000050508
0.0000050507
0.0000050505
0.0000050503
0.0000050502
0.0000050500
0.0000050498
0.0000050497
0.0000050495
0.0000050493
0.0000050491
0.0000050490
0.0000050488
0.0000050486
0.0000050485
0.0000050483
0.0000050481
0.0000050479
0.0000050478
0.0000050476
0.0000050474
0.0000050473
0.0000050471
0.0000050469
0.0000050467
0.0000050466
0.0000050464
0.0000050462
0.0000050461
0.0000050459
0.0000050457
0.0000050456
0.0000050454
0.0000050452
0.0000050450
0.0000050449
0.0000050447
0.0000050445
0.0000050444
0.0000050442
0.0000050440
0.0000050438
0.0000050437
0.0000050435
0.0000050433
0.0000050432
0.0000050430
0.0000050428
0.0000050427
0.0000050425
0.0000050423
0.0000050421
0.0000050420
0.0000050418
0.0000050416
0.0000050415
0.0000050413
0.0000050411
0.0000050409
0.0000050408
0.0000050406
0.0000050404
0.0000050403
0.0000050401
0.0000050399
0.0000050398
0.0000050396
0.0000050394
0.0000050392
0.0000050391
0.0000050389
0.0000050387
0.0000050386
0.0000050384
0.0000050382
0.0000050381
0.0000050379
0.0000050377
0.0000050375
0.0000050374
0.0000050372
0.0000050370
0.0000050369
0.0000050367
0.0000050365
0.0000050364
0.0000050362
0.0000050360
0.0000050358
0.0000050357
0.0000050355
0.0000050353
0.0000050352
0.0000050350
0.0000050348
0.0000050347
0.0000050345
0.0000050343
0.0000050341
0.0000050340
0.0000050338
0.0000050336
0.0000050335
0.0000050333
0.0000050331
0.0000050330
0.0000050328
0.0000050326
0.0000050324
0.0000050323
0.0000050321
0.0000050319
0.0000050318
0.0000050316
0.0000050314
0.0000050313
0.0000050311
0.0000050309
0.0000050308
0.0000050306
0.0000050304
0.0000050302
0.0000050301
0.0000050299
0.0000050297
0.0000050296
0.0000050294
0.0000050292
0.0000050291
0.0000050289
0.0000050287
0.0000050285
0.0000050284
0.0000050282
0.0000050280
0.0000050279
0.0000050277
0.0000050275
0.0000050274
0.0000050272
0.0000050270
0.0000050269
0.0000050267
0.0000050265
0.0000050263
0.0000050262
0.0000050260
0.0000050258
0.0000050257
0.0000050255
0.0000050253
0.0000050252
0.0000050250
0.0000050248
0.0000050247
0.0000050245
0.0000050243
0.0000050241
0.0000050240
0.0000050238
0.0000050236
0.0000050235
0.0000050233
0.0000050231
0.0000050230
0.0000050228
0.0000050226
0.0000050225
0.0000050223
0.0000050221
0.0000050219
0.0000050218
0.0000050216
0.0000050214
0.0000050213
0.0000050211
0.0000050209
0.0000050208
0.0000050206
0.0000050204
0.0000050203
0.0000050201
0.0000050199
0.0000050197
0.0000050196
0.0000050194
0.0000050192
0.0000050191
0.0000050189
0.0000050187
0.0000050186
0.0000050184
0.0000050182
0.0000050181
0.0000050179
0.0000050177
0.0000050176
0.0000050174
0.0000050172
0.0000050170
0.0000050169
0.0000050167
0.0000050165
0.0000050164
0.0000050162
0.0000050160
0.0000050159
0.0000050157
0.0000050155
0.0000050154
0.0000050152
0.0000050150
0.0000050149
0.0000050147
0.0000050145
0.0000050144
0.0000050142
0.0000050140
0.0000050138
0.0000050137
0.0000050135
0.0000050133
0.0000050132
0.0000050130
0.0000050128
0.0000050127
0.0000050125
0.0000050123
0.0000050122
0.0000050120
0.0000050118
0.0000050117
0.0000050115
0.0000050113
0.0000050112
0.0000050110
0.0000050108
0.0000050106
0.0000050105
0.0000050103
0.0000050101
0.0000050100
0.0000050098
0.0000050096
0.0000050095
0.0000050093
0.0000050091
0.0000050090
0.0000050088
0.0000050086
0.0000050085
0.0000050083
0.0000050081
0.0000050080
0.0000050078
0.0000050076
0.0000050075
0.0000050073
0.0000050071
0.0000050069
0.0000050068
0.0000050066
0.0000050064
0.0000050063
0.0000050061
0.0000050059
0.0000050058
0.0000050056
0.0000050054
0.0000050053
0.0000050051
0.0000050049
0.0000050048
0.0000050046
0.0000050044
0.0000050043
0.0000050041
0.0000050039
0.0000050038
0.0000050036
0.0000050034
0.0000050033
0.0000050031
0.0000050029
0.0000050027
0.0000050026
0.0000050024
0.0000050022
0.0000050021
0.0000050019
0.0000050017
0.0000050016
0.0000050014
0.0000050012
0.0000050011
0.0000050009
0.0000050007
0.0000050006
0.0000050004
0.0000050002
0.0000050001
0.0000049999
0.0000049997
0.0000049996
0.0000049994
0.0000049992
0.0000049991
0.0000049989
0.0000049987
0.0000049986
0.0000049984
0.0000049982
0.0000049981
0.0000049979
0.0000049977
0.0000049976
0.0000049974
0.0000049972
0.0000049971
0.0000049969
0.0000049967
0.0000049966
0.0000049964
0.0000049962
0.0000049960
0.0000049959
0.0000049957
0.0000049955
0.0000049954
0.0000049952
0.0000049950
0.0000049949
0.0000049947
0.0000049945
0.0000049944
0.0000049942
0.0000049940
0.0000049939
0.0000049937
0.0000049935
0.0000049934
0.0000049932
0.0000049930
0.0000049929
0.0000049927
0.0000049925
0.0000049924
0.0000049922
0.0000049920
0.0000049919
0.0000049917
0.0000049915
0.0000049914
0.0000049912
0.0000049910
0.0000049909
0.0000049907
0.0000049905
0.0000049904
0.0000049902
0.0000049900
0.0000049899
0.0000049897
0.0000049895
0.0000049894
0.0000049892
0.0000049890
0.0000049889
0.0000049887
0.0000049885
0.0000049884
0.0000049882
0.0000049880
0.0000049879
0.0000049877
0.0000049875
0.0000049874
0.0000049872
0.0000049870
0.0000049869
0.0000049867
0.0000049865
0.0000049864
0.0000049862
0.0000049860
0.0000049859
0.0000049857
0.0000049855
0.0000049854
0.0000049852
0.0000049850
0.0000049849
0.0000049847
0.0000049845
0.0000049844
0.0000049842
0.0000049840
0.0000049839
0.0000049837
0.0000049835
0.0000049834
0.0000049832
0.0000049830
0.0000049829
0.0000049827
0.0000049825
0.0000049824
0.0000049822
0.0000049820
0.0000049819
0.0000049817
0.0000049815
0.0000049814
0.0000049812
0.0000049810
0.0000049809
0.0000049807
0.0000049805
0.0000049804
0.0000049802
0.0000049800
0.0000049799
0.0000049797
0.0000049795
0.0000049794
0.0000049792
0.0000049790
0.0000049789
0.0000049787
0.0000049785
0.0000049784
0.0000049782
0.0000049780
0.0000049779
0.0000049777
0.0000049775
0.0000049774
0.0000049772
0.0000049771
0.0000049769
0.0000049767
0.0000049766
0.0000049764
0.0000049762
0.0000049761
0.0000049759
0.0000049757
0.0000049756
0.0000049754
0.0000049752
0.0000049751
0.0000049749
0.0000049747
0.0000049746
0.0000049744
0.0000049742
0.0000049741
0.0000049739
0.0000049737
0.0000049736
0.0000049734
0.0000049732
0.0000049731
0.0000049729
0.0000049727
0.0000049726
0.0000049724
0.0000049722
0.0000049721
0.0000049719
0.0000049717
0.0000049716
0.0000049714
0.0000049712
0.0000049711
0.0000049709
0.0000049707
0.0000049706
0.0000049704
0.0000049703
0.0000049701
0.0000049699
0.0000049698
0.0000049696
0.0000049694
0.0000049693
0.0000049691
0.0000049689
0.0000049688
0.0000049686
0.0000049684
0.0000049683
0.0000049681
0.0000049679
0.0000049678
0.0000049676
0.0000049674
0.0000049673
0.0000049671
0.0000049669
0.0000049668
0.0000049666
0.0000049664
0.0000049663
0.0000049661
0.0000049660
0.0000049658
0.0000049656
0.0000049655
0.0000049653
0.0000049651
0.0000049650
0.0000049648
0.0000049646
0.0000049645
0.0000049643
0.0000049641
0.0000049640
0.0000049638
0.0000049636
0.0000049635
0.0000049633
0.0000049631
0.0000049630
0.0000049628
0.0000049626
0.0000049625
0.0000049623
0.0000049622
0.0000049620
0.0000049618
0.0000049617
0.0000049615
0.0000049613
0.0000049612
0.0000049610
0.0000049608
0.0000049607
0.0000049605
0.0000049603
0.0000049602
0.0000049600
0.0000049598
0.0000049597
0.0000049595
0.0000049593
0.0000049592
0.0000049590
0.0000049589
0.0000049587
0.0000049585
0.0000049584
0.0000049582
0.0000049580
0.0000049579
0.0000049577
0.0000049575
0.0000049574
0.0000049572
0.0000049570
0.0000049569
0.0000049567
0.0000049565
0.0000049564
0.0000049562
0.0000049561
0.0000049559
0.0000049557
0.0000049556
0.0000049554
0.0000049552
0.0000049551
0.0000049549
0.0000049547
0.0000049546
0.0000049544
0.0000049542
0.0000049541
0.0000049539
0.0000049537
0.0000049536
0.0000049534
0.0000049533
0.0000049531
0.0000049529
0.0000049528
0.0000049526
0.0000049524
0.0000049523
0.0000049521
0.0000049519
0.0000049518
0.0000049516
0.0000049514
0.0000049513
0.0000049511
0.0000049510
0.0000049508
0.0000049506
0.0000049505
0.0000049503
0.0000049501
0.0000049500
0.0000049498
0.0000049496
0.0000049495
0.0000049493
0.0000049491
0.0000049490
0.0000049488
0.0000049487
0.0000049485
0.0000049483
0.0000049482
0.0000049480
0.0000049478
0.0000049477
0.0000049475
0.0000049473
0.0000049472
0.0000049470
0.0000049468
0.0000049467
0.0000049465
0.0000049464
0.0000049462
0.0000049460
0.0000049459
0.0000049457
0.0000049455
0.0000049454
0.0000049452
0.0000049450
0.0000049449
0.0000049447
0.0000049446
0.0000049444
0.0000049442
0.0000049441
0.0000049439
0.0000049437
0.0000049436
0.0000049434
0.0000049432
0.0000049431
0.0000049429
0.0000049428
0.0000049426
0.0000049424
0.0000049423
0.0000049421
0.0000049419
0.0000049418
0.0000049416
0.0000049414
0.0000049413
0.0000049411
0.0000049409
0.0000049408
0.0000049406
0.0000049405
0.0000049403
0.0000049401
0.0000049400
0.0000049398
0.0000049396
0.0000049395
0.0000049393
0.0000049391
0.0000049390
0.0000049388
0.0000049387
0.0000049385
0.0000049383
0.0000049382
0.0000049380
0.0000049378
0.0000049377
0.0000049375
0.0000049374
0.0000049372
0.0000049370
0.0000049369
0.0000049367
0.0000049365
0.0000049364
0.0000049362
0.0000049360
0.0000049359
0.0000049357
0.0000049356
0.0000049354
0.0000049352
0.0000049351
0.0000049349
0.0000049347
0.0000049346
0.0000049344
0.0000049342
0.0000049341
0.0000049339
0.0000049338
0.0000049336
0.0000049334
0.0000049333
0.0000049331
0.0000049329
0.0000049328
0.0000049326
0.0000049325
0.0000049323
0.0000049321
0.0000049320
0.0000049318
0.0000049316
0.0000049315
0.0000049313
0.0000049311
0.0000049310
0.0000049308
0.0000049307
0.0000049305
0.0000049303
0.0000049302
0.0000049300
0.0000049298
0.0000049297
0.0000049295
0.0000049294
0.0000049292
0.0000049290
0.0000049289
0.0000049287
0.0000049285
0.0000049284
0.0000049282
0.0000049281
0.0000049279
0.0000049277
0.0000049276
0.0000049274
0.0000049272
0.0000049271
0.0000049269
0.0000049267
0.0000049266
0.0000049264
0.0000049263
0.0000049261
0.0000049259
0.0000049258
0.0000049256
0.0000049254
0.0000049253
0.0000049251
0.0000049250
0.0000049248
0.0000049246
0.0000049245
0.0000049243
0.0000049241
0.0000049240
0.0000049238
0.0000049237
0.0000049235
0.0000049233
0.0000049232
0.0000049230
0.0000049228
0.0000049227
0.0000049225
0.0000049224
0.0000049222
0.0000049220
0.0000049219
0.0000049217
0.0000049215
0.0000049214
0.0000049212
0.0000049211
0.0000049209
0.0000049207
0.0000049206
0.0000049204
0.0000049202
0.0000049201
0.0000049199
0.0000049198
0.0000049196
0.0000049194
0.0000049193
0.0000049191
0.0000049189
0.0000049188
0.0000049186
0.0000049185
0.0000049183
0.0000049181
0.0000049180
0.0000049178
0.0000049177
0.0000049175
0.0000049173
0.0000049172
0.0000049170
0.0000049168
0.0000049167
0.0000049165
0.0000049164
0.0000049162
0.0000049160
0.0000049159
0.0000049157
0.0000049155
0.0000049154
0.0000049152
0.0000049151
0.0000049149
0.0000049147
0.0000049146
0.0000049144
0.0000049142
0.0000049141
0.0000049139
0.0000049138
0.0000049136
0.0000049134
0.0000049133
0.0000049131
0.0000049130
0.0000049128
0.0000049126
0.0000049125
0.0000049123
0.0000049121
0.0000049120
0.0000049118
0.0000049117
0.0000049115
0.0000049113
0.0000049112
0.0000049110
0.0000049108
0.0000049107
0.0000049105
0.0000049104
0.0000049102
0.0000049100
0.0000049099
0.0000049097
0.0000049096
0.0000049094
0.0000049092
0.0000049091
0.0000049089
0.0000049087
0.0000049086
0.0000049084
0.0000049083
0.0000049081
0.0000049079
0.0000049078
0.0000049076
0.0000049075
0.0000049073
0.0000049071
0.0000049070
0.0000049068
0.0000049066
0.0000049065
0.0000049063
0.0000049062
0.0000049060
0.0000049058
0.0000049057
0.0000049055
0.0000049054
0.0000049052
0.0000049050
0.0000049049
0.0000049047
0.0000049045
0.0000049044
0.0000049042
0.0000049041
0.0000049039
0.0000049037
0.0000049036
0.0000049034
0.0000049033
0.0000049031
0.0000049029
0.0000049028
0.0000049026
0.0000049025
0.0000049023
0.0000049021
0.0000049020
0.0000049018
0.0000049016
0.0000049015
0.0000049013
0.0000049012
0.0000049010
0.0000049008
0.0000049007
0.0000049005
0.0000049004
0.0000049002
0.0000049000
0.0000048999
0.0000048997
0.0000048996
0.0000048994
0.0000048992
0.0000048991
0.0000048989
0.0000048987
0.0000048986
0.0000048984
0.0000048983
0.0000048981
0.0000048979
0.0000048978
0.0000048976
0.0000048975
0.0000048973
0.0000048971
0.0000048970
0.0000048968
0.0000048967
0.0000048965
0.0000048963
0.0000048962
0.0000048960
0.0000048959
0.0000048957
0.0000048955
0.0000048954
0.0000048952
0.0000048950
0.0000048949
0.0000048947
0.0000048946
0.0000048944
0.0000048942
0.0000048941
0.0000048939
0.0000048938
0.0000048936
0.0000048934
0.0000048933
0.0000048931
0.0000048930
0.0000048928
0.0000048926
0.0000048925
0.0000048923
0.0000048922
0.0000048920
0.0000048918
0.0000048917
0.0000048915
0.0000048914
0.0000048912
0.0000048910
0.0000048909
0.0000048907
0.0000048905
0.0000048904
0.0000048902
0.0000048901
0.0000048899
0.0000048897
0.0000048896
0.0000048894
0.0000048893
0.0000048891
0.0000048889
0.0000048888
0.0000048886
0.0000048885
0.0000048883
0.0000048881
0.0000048880
0.0000048878
0.0000048877
0.0000048875
0.0000048873
0.0000048872
0.0000048870
0.0000048869
0.0000048867
0.0000048865
0.0000048864
0.0000048862
0.0000048861
0.0000048859
0.0000048857
0.0000048856
0.0000048854
0.0000048853
0.0000048851
0.0000048849
0.0000048848
0.0000048846
0.0000048845
0.0000048843
0.0000048841
0.0000048840
0.0000048838
0.0000048837
0.0000048835
0.0000048833
0.0000048832
0.0000048830
0.0000048829
0.0000048827
0.0000048825
0.0000048824
0.0000048822
0.0000048821
0.0000048819
0.0000048817
0.0000048816
0.0000048814
0.0000048813
0.0000048811
0.0000048809
0.0000048808
0.0000048806
0.0000048805
0.0000048803
0.0000048801
0.0000048800
0.0000048798
0.0000048797
0.0000048795
0.0000048793
0.0000048792
0.0000048790
0.0000048789
0.0000048787
0.0000048785
0.0000048784
0.0000048782
0.0000048781
0.0000048779
0.0000048777
0.0000048776
0.0000048774
0.0000048773
0.0000048771
0.0000048769
0.0000048768
0.0000048766
0.0000048765
0.0000048763
0.0000048761
0.0000048760
0.0000048758
0.0000048757
0.0000048755
0.0000048753
0.0000048752
0.0000048750
0.0000048749
0.0000048747
0.0000048746
0.0000048744
0.0000048742
0.0000048741
0.0000048739
0.0000048738
0.0000048736
0.0000048734
0.0000048733
0.0000048731
0.0000048730
0.0000048728
0.0000048726
0.0000048725
0.0000048723
0.0000048722
0.0000048720
0.0000048718
0.0000048717
0.0000048715
0.0000048714
0.0000048712
0.0000048710
0.0000048709
0.0000048707
0.0000048706
0.0000048704
0.0000048702
0.0000048701
0.0000048699
0.0000048698
0.0000048696
0.0000048695
0.0000048693
0.0000048691
0.0000048690
0.0000048688
0.0000048687
0.0000048685
0.0000048683
0.0000048682
0.0000048680
0.0000048679
0.0000048677
0.0000048675
0.0000048674
0.0000048672
0.0000048671
0.0000048669
0.0000048667
0.0000048666
0.0000048664
0.0000048663
0.0000048661
0.0000048660
0.0000048658
0.0000048656
0.0000048655
0.0000048653
0.0000048652
0.0000048650
0.0000048648
0.0000048647
0.0000048645
0.0000048644
0.0000048642
0.0000048640
0.0000048639
0.0000048637
0.0000048636
0.0000048634
0.0000048633
0.0000048631
0.0000048629
0.0000048628
0.0000048626
0.0000048625
0.0000048623
0.0000048621
0.0000048620
0.0000048618
0.0000048617
0.0000048615
0.0000048613
0.0000048612
0.0000048610
0.0000048609
0.0000048607
0.0000048606
0.0000048604
0.0000048602
0.0000048601
0.0000048599
0.0000048598
0.0000048596
0.0000048594
0.0000048593
0.0000048591
0.0000048590
0.0000048588
0.0000048587
0.0000048585
0.0000048583
0.0000048582
0.0000048580
0.0000048579
0.0000048577
0.0000048575
0.0000048574
0.0000048572
0.0000048571
0.0000048569
0.0000048568
0.0000048566
0.0000048564
0.0000048563
0.0000048561
0.0000048560
0.0000048558
0.0000048556
0.0000048555
0.0000048553
0.0000048552
0.0000048550
0.0000048549
0.0000048547
0.0000048545
0.0000048544
0.0000048542
0.0000048541
0.0000048539
0.0000048537
0.0000048536
0.0000048534
0.0000048533
0.0000048531
0.0000048530
0.0000048528
0.0000048526
0.0000048525
0.0000048523
0.0000048522
0.0000048520
0.0000048518
0.0000048517
0.0000048515
0.0000048514
0.0000048512
0.0000048511
0.0000048509
0.0000048507
0.0000048506
0.0000048504
0.0000048503
0.0000048501
0.0000048500
0.0000048498
0.0000048496
0.0000048495
0.0000048493
0.0000048492
0.0000048490
0.0000048488
0.0000048487
0.0000048485
0.0000048484
0.0000048482
0.0000048481
0.0000048479
0.0000048477
0.0000048476
0.0000048474
0.0000048473
0.0000048471
0.0000048470
0.0000048468
0.0000048466
0.0000048465
0.0000048463
0.0000048462
0.0000048460
0.0000048458
0.0000048457
0.0000048455
0.0000048454
0.0000048452
0.0000048451
0.0000048449
0.0000048447
0.0000048446
0.0000048444
0.0000048443
0.0000048441
0.0000048440
0.0000048438
0.0000048436
0.0000048435
0.0000048433
0.0000048432
0.0000048430
0.0000048429
0.0000048427
0.0000048425
0.0000048424
0.0000048422
0.0000048421
0.0000048419
0.0000048417
0.0000048416
0.0000048414
0.0000048413
0.0000048411
0.0000048410
0.0000048408
0.0000048406
0.0000048405
0.0000048403
0.0000048402
0.0000048400
0.0000048399
0.0000048397
0.0000048395
0.0000048394
0.0000048392
0.0000048391
0.0000048389
0.0000048388
0.0000048386
0.0000048384
0.0000048383
0.0000048381
0.0000048380
0.0000048378
0.0000048377
0.0000048375
0.0000048373
0.0000048372
0.0000048370
0.0000048369
0.0000048367
0.0000048366
0.0000048364
0.0000048362
0.0000048361
0.0000048359
0.0000048358
0.0000048356
0.0000048355
0.0000048353
0.0000048351
0.0000048350
0.0000048348
0.0000048347
0.0000048345
0.0000048344
0.0000048342
0.0000048340
0.0000048339
0.0000048337
0.0000048336
0.0000048334
0.0000048333
0.0000048331
0.0000048329
0.0000048328
0.0000048326
0.0000048325
0.0000048323
0.0000048322
0.0000048320
0.0000048318
0.0000048317
0.0000048315
0.0000048314
0.0000048312
0.0000048311
0.0000048309
0.0000048308
0.0000048306
0.0000048304
0.0000048303
0.0000048301
0.0000048300
0.0000048298
0.0000048297
0.0000048295
0.0000048293
0.0000048292
0.0000048290
0.0000048289
0.0000048287
0.0000048286
0.0000048284
0.0000048282
0.0000048281
0.0000048279
0.0000048278
0.0000048276
0.0000048275
0.0000048273
0.0000048271
0.0000048270
0.0000048268
0.0000048267
0.0000048265
0.0000048264
0.0000048262
0.0000048261
0.0000048259
0.0000048257
0.0000048256
0.0000048254
0.0000048253
0.0000048251
0.0000048250
0.0000048248
0.0000048246
0.0000048245
0.0000048243
0.0000048242
0.0000048240
0.0000048239
0.0000048237
0.0000048235
0.0000048234
0.0000048232
0.0000048231
0.0000048229
0.0000048228
0.0000048226
0.0000048225
0.0000048223
0.0000048221
0.0000048220
0.0000048218
0.0000048217
0.0000048215
0.0000048214
0.0000048212
0.0000048210
0.0000048209
0.0000048207
0.0000048206
0.0000048204
0.0000048203
0.0000048201
0.0000048200
0.0000048198
0.0000048196
0.0000048195
0.0000048193
0.0000048192
0.0000048190
0.0000048189
0.0000048187
0.0000048185
0.0000048184
0.0000048182
0.0000048181
0.0000048179
0.0000048178
0.0000048176
0.0000048175
0.0000048173
0.0000048171
0.0000048170
0.0000048168
0.0000048167
0.0000048165
0.0000048164
0.0000048162
0.0000048161
0.0000048159
0.0000048157
0.0000048156
0.0000048154
0.0000048153
0.0000048151
0.0000048150
0.0000048148
0.0000048147
0.0000048145
0.0000048143
0.0000048142
0.0000048140
0.0000048139
0.0000048137
0.0000048136
0.0000048134
0.0000048132
0.0000048131
0.0000048129
0.0000048128
0.0000048126
0.0000048125
0.0000048123
0.0000048122
0.0000048120
0.0000048118
0.0000048117
0.0000048115
0.0000048114
0.0000048112
0.0000048111
0.0000048109
0.0000048108
0.0000048106
0.0000048104
0.0000048103
0.0000048101
0.0000048100
0.0000048098
0.0000048097
0.0000048095
0.0000048094
0.0000048092
0.0000048090
0.0000048089
0.0000048087
0.0000048086
0.0000048084
0.0000048083
0.0000048081
0.0000048080
0.0000048078
0.0000048076
0.0000048075
0.0000048073
0.0000048072
0.0000048070
0.0000048069
0.0000048067
0.0000048066
0.0000048064
0.0000048062
0.0000048061
0.0000048059
0.0000048058
0.0000048056
0.0000048055
0.0000048053
0.0000048052
0.0000048050
0.0000048049
0.0000048047
0.0000048045
0.0000048044
0.0000048042
0.0000048041
0.0000048039
0.0000048038
0.0000048036
0.0000048035
0.0000048033
0.0000048031
0.0000048030
0.0000048028
0.0000048027
0.0000048025
0.0000048024
0.0000048022
0.0000048021
0.0000048019
0.0000048017
0.0000048016
0.0000048014
0.0000048013
0.0000048011
0.0000048010
0.0000048008
0.0000048007
0.0000048005
0.0000048004
0.0000048002
0.0000048000
0.0000047999
0.0000047997
0.0000047996
0.0000047994
0.0000047993
0.0000047991
0.0000047990
0.0000047988
0.0000047986
0.0000047985
0.0000047983
0.0000047982
0.0000047980
0.0000047979
0.0000047977
0.0000047976
0.0000047974
0.0000047973
0.0000047971
0.0000047969
0.0000047968
0.0000047966
0.0000047965
0.0000047963
0.0000047962
0.0000047960
0.0000047959
0.0000047957
0.0000047956
0.0000047954
0.0000047952
0.0000047951
0.0000047949
0.0000047948
0.0000047946
0.0000047945
0.0000047943
0.0000047942
0.0000047940
0.0000047939
0.0000047937
0.0000047935
0.0000047934
0.0000047932
0.0000047931
0.0000047929
0.0000047928
0.0000047926
0.0000047925
0.0000047923
0.0000047922
0.0000047920
0.0000047918
0.0000047917
0.0000047915
0.0000047914
0.0000047912
0.0000047911
0.0000047909
0.0000047908
0.0000047906
0.0000047905
0.0000047903
0.0000047901
0.0000047900
0.0000047898
0.0000047897
0.0000047895
0.0000047894
0.0000047892
0.0000047891
0.0000047889
0.0000047888
0.0000047886
0.0000047884
0.0000047883
0.0000047881
0.0000047880
0.0000047878
0.0000047877
0.0000047875
0.0000047874
0.0000047872
0.0000047871
0.0000047869
0.0000047867
0.0000047866
0.0000047864
0.0000047863
0.0000047861
0.0000047860
0.0000047858
0.0000047857
0.0000047855
0.0000047854
0.0000047852
0.0000047851
0.0000047849
0.0000047847
0.0000047846
0.0000047844
0.0000047843
0.0000047841
0.0000047840
0.0000047838
0.0000047837
0.0000047835
0.0000047834
0.0000047832
0.0000047831
0.0000047829
0.0000047827
0.0000047826
0.0000047824
0.0000047823
0.0000047821
0.0000047820
0.0000047818
0.0000047817
0.0000047815
0.0000047814
0.0000047812
0.0000047811
0.0000047809
0.0000047807
0.0000047806
0.0000047804
0.0000047803
0.0000047801
0.0000047800
0.0000047798
0.0000047797
0.0000047795
0.0000047794
0.0000047792
0.0000047791
0.0000047789
0.0000047787
0.0000047786
0.0000047784
0.0000047783
0.0000047781
0.0000047780
0.0000047778
0.0000047777
0.0000047775
0.0000047774
0.0000047772
0.0000047771
0.0000047769
0.0000047767
0.0000047766
0.0000047764
0.0000047763
0.0000047761
0.0000047760
0.0000047758
0.0000047757
0.0000047755
0.0000047754
0.0000047752
0.0000047751
0.0000047749
0.0000047748
0.0000047746
0.0000047744
0.0000047743
0.0000047741
0.0000047740
0.0000047738
0.0000047737
0.0000047735
0.0000047734
0.0000047732
0.0000047731
0.0000047729
0.0000047728
0.0000047726
0.0000047725
0.0000047723
0.0000047721
0.0000047720
0.0000047718
0.0000047717
0.0000047715
0.0000047714
0.0000047712
0.0000047711
0.0000047709
0.0000047708
0.0000047706
0.0000047705
0.0000047703
0.0000047702
0.0000047700
0.0000047698
0.0000047697
0.0000047695
0.0000047694
0.0000047692
0.0000047691
0.0000047689
0.0000047688
0.0000047686
0.0000047685
0.0000047683
0.0000047682
0.0000047680
0.0000047679
0.0000047677
0.0000047675
0.0000047674
0.0000047672
0.0000047671
0.0000047669
0.0000047668
0.0000047666
0.0000047665
0.0000047663
0.0000047662
0.0000047660
0.0000047659
0.0000047657
0.0000047656
0.0000047654
0.0000047653
0.0000047651
0.0000047649
0.0000047648
0.0000047646
0.0000047645
0.0000047643
0.0000047642
0.0000047640
0.0000047639
0.0000047637
0.0000047636
0.0000047634
0.0000047633
0.0000047631
0.0000047630
0.0000047628
0.0000047627
0.0000047625
0.0000047623
0.0000047622
0.0000047620
0.0000047619
0.0000047617
0.0000047616
0.0000047614
0.0000047613
0.0000047611
0.0000047610
0.0000047608
0.0000047607
0.0000047605
0.0000047604
0.0000047602
0.0000047601
0.0000047599
0.0000047598
0.0000047596
0.0000047594
0.0000047593
0.0000047591
0.0000047590
0.0000047588
0.0000047587
0.0000047585
0.0000047584
0.0000047582
0.0000047581
0.0000047579
0.0000047578
0.0000047576
0.0000047575
0.0000047573
0.0000047572
0.0000047570
0.0000047569
0.0000047567
0.0000047566
0.0000047564
0.0000047562
0.0000047561
0.0000047559
0.0000047558
0.0000047556
0.0000047555
0.0000047553
0.0000047552
0.0000047550
0.0000047549
0.0000047547
0.0000047546
0.0000047544
0.0000047543
0.0000047541
0.0000047540
0.0000047538
0.0000047537
0.0000047535
0.0000047534
0.0000047532
0.0000047530
0.0000047529
0.0000047527
0.0000047526
0.0000047524
0.0000047523
0.0000047521
0.0000047520
0.0000047518
0.0000047517
0.0000047515
0.0000047514
0.0000047512
0.0000047511
0.0000047509
0.0000047508
0.0000047506
0.0000047505
0.0000047503
0.0000047502
0.0000047500
0.0000047499
0.0000047497
0.0000047495
0.0000047494
0.0000047492
0.0000047491
0.0000047489
0.0000047488
0.0000047486
0.0000047485
0.0000047483
0.0000047482
0.0000047480
0.0000047479
0.0000047477
0.0000047476
0.0000047474
0.0000047473
0.0000047471
0.0000047470
0.0000047468
0.0000047467
0.0000047465
0.0000047464
0.0000047462
0.0000047461
0.0000047459
0.0000047458
0.0000047456
0.0000047454
0.0000047453
0.0000047451
0.0000047450
0.0000047448
0.0000047447
0.0000047445
0.0000047444
0.0000047442
0.0000047441
0.0000047439
0.0000047438
0.0000047436
0.0000047435
0.0000047433
0.0000047432
0.0000047430
0.0000047429
0.0000047427
0.0000047426
0.0000047424
0.0000047423
0.0000047421
0.0000047420
0.0000047418
0.0000047417
0.0000047415
0.0000047414
0.0000047412
0.0000047410
0.0000047409
0.0000047407
0.0000047406
0.0000047404
0.0000047403
0.0000047401
0.0000047400
0.0000047398
0.0000047397
0.0000047395
0.0000047394
0.0000047392
0.0000047391
0.0000047389
0.0000047388
0.0000047386
0.0000047385
0.0000047383
0.0000047382
0.0000047380
0.0000047379
0.0000047377
0.0000047376
0.0000047374
0.0000047373
0.0000047371
0.0000047370
0.0000047368
0.0000047367
0.0000047365
0.0000047364
0.0000047362
0.0000047361
0.0000047359
0.0000047358
0.0000047356
0.0000047354
0.0000047353
0.0000047351
0.0000047350
0.0000047348
0.0000047347
0.0000047345
0.0000047344
0.0000047342
0.0000047341
0.0000047339
0.0000047338
0.0000047336
0.0000047335
0.0000047333
0.0000047332
0.0000047330
0.0000047329
0.0000047327
0.0000047326
0.0000047324
0.0000047323
0.0000047321
0.0000047320
0.0000047318
0.0000047317
0.0000047315
0.0000047314
0.0000047312
0.0000047311
0.0000047309
0.0000047308
0.0000047306
0.0000047305
0.0000047303
0.0000047302
0.0000047300
0.0000047299
0.0000047297
0.0000047296
0.0000047294
0.0000047293
0.0000047291
0.0000047290
0.0000047288
0.0000047287
0.0000047285
0.0000047284
0.0000047282
0.0000047281
0.0000047279
0.0000047277
0.0000047276
0.0000047274
0.0000047273
0.0000047271
0.0000047270
0.0000047268
0.0000047267
0.0000047265
0.0000047264
0.0000047262
0.0000047261
0.0000047259
0.0000047258
0.0000047256
0.0000047255
0.0000047253
0.0000047252
0.0000047250
0.0000047249
0.0000047247
0.0000047246
0.0000047244
0.0000047243
0.0000047241
0.0000047240
0.0000047238
0.0000047237
0.0000047235
0.0000047234
0.0000047232
0.0000047231
0.0000047229
0.0000047228
0.0000047226
0.0000047225
0.0000047223
0.0000047222
0.0000047220
0.0000047219
0.0000047217
0.0000047216
0.0000047214
0.0000047213
0.0000047211
0.0000047210
0.0000047208
0.0000047207
0.0000047205
0.0000047204
0.0000047202
0.0000047201
0.0000047199
0.0000047198
0.0000047196
0.0000047195
0.0000047193
0.0000047192
0.0000047190
0.0000047189
0.0000047187
0.0000047186
0.0000047184
0.0000047183
0.0000047181
0.0000047180
0.0000047178
0.0000047177
0.0000047175
0.0000047174
0.0000047172
0.0000047171
0.0000047169
0.0000047168
0.0000047166
0.0000047165
0.0000047163
0.0000047162
0.0000047160
0.0000047159
0.0000047157
0.0000047156
0.0000047154
0.0000047153
0.0000047151
0.0000047150
0.0000047148
0.0000047147
0.0000047145
0.0000047144
0.0000047142
0.0000047141
0.0000047139
0.0000047138
0.0000047136
0.0000047135
0.0000047133
0.0000047132
0.0000047130
0.0000047129
0.0000047127
0.0000047126
0.0000047124
0.0000047123
0.0000047121
0.0000047120
0.0000047118
0.0000047117
0.0000047115
0.0000047114
0.0000047112
0.0000047111
0.0000047109
0.0000047108
0.0000047106
0.0000047105
0.0000047103
0.0000047102
0.0000047100
0.0000047099
0.0000047097
0.0000047096
0.0000047094
0.0000047093
0.0000047091
0.0000047090
0.0000047088
0.0000047087
0.0000047085
0.0000047084
0.0000047082
0.0000047081
0.0000047079
0.0000047078
0.0000047076
0.0000047075
0.0000047073
0.0000047072
0.0000047070
0.0000047069
0.0000047067
0.0000047066
0.0000047064
0.0000047063
0.0000047061
0.0000047060
0.0000047058
0.0000047057
0.0000047055
0.0000047054
0.0000047052
0.0000047051
0.0000047049
0.0000047048
0.0000047046
0.0000047045
0.0000047043
0.0000047042
0.0000047040
0.0000047039
0.0000047037
0.0000047036
0.0000047034
0.0000047033
0.0000047031
0.0000047030
0.0000047028
0.0000047027
0.0000047025
0.0000047024
0.0000047022
0.0000047021
0.0000047019
0.0000047018
0.0000047016
0.0000047015
0.0000047013
0.0000047012
0.0000047010
0.0000047009
0.0000047007
0.0000047006
0.0000047004
0.0000047003
0.0000047002
0.0000047000
0.0000046999
0.0000046997
0.0000046996
0.0000046994
0.0000046993
0.0000046991
0.0000046990
0.0000046988
0.0000046987
0.0000046985
0.0000046984
0.0000046982
0.0000046981
0.0000046979
0.0000046978
0.0000046976
0.0000046975
0.0000046973
0.0000046972
0.0000046970
0.0000046969
0.0000046967
0.0000046966
0.0000046964
0.0000046963
0.0000046961
0.0000046960
0.0000046958
0.0000046957
0.0000046955
0.0000046954
0.0000046952
0.0000046951
0.0000046949
0.0000046948
0.0000046946
0.0000046945
0.0000046943
0.0000046942
0.0000046940
0.0000046939
0.0000046937
0.0000046936
0.0000046934
0.0000046933
0.0000046931
0.0000046930
0.0000046928
0.0000046927
0.0000046926
0.0000046924
0.0000046923
0.0000046921
0.0000046920
0.0000046918
0.0000046917
0.0000046915
0.0000046914
0.0000046912
0.0000046911
0.0000046909
0.0000046908
0.0000046906
0.0000046905
0.0000046903
0.0000046902
0.0000046900
0.0000046899
0.0000046897
0.0000046896
0.0000046894
0.0000046893
0.0000046891
0.0000046890
0.0000046888
0.0000046887
0.0000046885
0.0000046884
0.0000046882
0.0000046881
0.0000046879
0.0000046878
0.0000046876
0.0000046875
0.0000046873
0.0000046872
0.0000046871
0.0000046869
0.0000046868
0.0000046866
0.0000046865
