0.0000211511
0.0000112789
0.0000099159
0.0000094297
0.0000091862
0.0000090407
0.0000089443
0.0000088760
0.0000088252
0.0000087855
0.0000087531
0.0000087253
0.0000086998
0.0000086749
0.0000086483
0.0000086174
0.0000085783
0.0000085263
0.0000084564
0.0000083660
0.0000082584
0.0000081451
0.0000080409
0.0000079561
0.0000078926
0.0000078467
0.0000078131
0.0000077877
0.0000077673
0.0000077502
0.0000077353
0.0000077219
0.0000077096
0.0000076982
0.0000076876
0.0000076776
0.0000076682
0.0000076593
0.0000076509
0.0000076428
0.0000076352
0.0000076278
0.0000076208
0.0000076141
0.0000076077
0.0000076015
0.0000075955
0.0000075898
0.0000075842
0.0000075789
0.0000075737
0.0000075687
0.0000075638
0.0000075591
0.0000075545
0.0000075500
0.0000075457
0.0000075415
0.0000075374
0.0000075333
0.0000075294
0.0000075256
0.0000075219
0.0000075182
0.0000075147
0.0000075112
0.0000075078
0.0000075044
0.0000075011
0.0000074979
0.0000074948
0.0000074917
0.0000074886
0.0000074856
0.0000074827
0.0000074798
0.0000074770
0.0000074742
0.0000074714
0.0000074687
0.0000074660
0.0000074634
0.0000074608
0.0000074583
0.0000074558
0.0000074533
0.0000074508
0.0000074484
0.0000074460
0.0000074437
0.0000074413
0.0000074391
0.0000074368
0.0000074345
0.0000074323
0.0000074301
0.0000074280
0.0000074258
0.0000074237
0.0000074216
0.0000074195
0.0000074175
0.0000074155
0.0000074134
0.0000074114
0.0000074095
0.0000074075
0.0000074056
0.0000074037
0.0000074018
0.0000073999
0.0000073980
0.0000073962
0.0000073943
0.0000073925
0.0000073907
0.0000073889
0.0000073871
0.0000073854
0.0000073836
0.0000073819
0.0000073802
0.0000073785
0.0000073768
0.0000073751
0.0000073734
0.0000073718
0.0000073701
0.0000073685
0.0000073668
0.0000073652
0.0000073636
0.0000073620
0.0000073605
0.0000073589
0.0000073573
0.0000073558
0.0000073542
0.0000073527
0.0000073512
0.0000073497
0.0000073482
0.0000073467
0.0000073452
0.0000073437
0.0000073422
0.0000073408
0.0000073393
0.0000073379
0.0000073364
0.0000073350
0.0000073336
0.0000073322
0.0000073307
0.0000073293
0.0000073280
0.0000073266
0.0000073252
0.0000073238
0.0000073225
0.0000073211
0.0000073197
0.0000073184
0.0000073171
0.0000073157
0.0000073144
0.0000073131
0.0000073118
0.0000073104
0.0000073091
0.0000073078
0.0000073066
0.0000073053
0.0000073040
0.0000073027
0.0000073014
0.0000073002
0.0000072989
0.0000072977
0.0000072964
0.0000072952
0.0000072939
0.0000072927
0.0000072915
0.0000072902
0.0000072890
0.0000072878
0.0000072866
0.0000072854
0.0000072842
0.0000072830
0.0000072818
0.0000072806
0.0000072794
0.0000072783
0.0000072771
0.0000072759
0.0000072748
0.0000072736
0.0000072724
0.0000072713
0.0000072701
0.0000072690
0.0000072678
0.0000072667
0.0000072656
0.0000072644
0.0000072633
0.0000072622
0.0000072611
0.0000072600
0.0000072588
0.0000072577
0.0000072566
0.0000072555
0.0000072544
0.0000072533
0.0000072522
0.0000072511
0.0000072501
0.0000072490
0.0000072479
0.0000072468
0.0000072458
0.0000072447
0.0000072436
0.0000072426
0.0000072415
0.0000072404
0.0000072394
0.0000072383
0.0000072373
0.0000072362
0.0000072352
0.0000072342
0.0000072331
0.0000072321
0.0000072311
0.0000072300
0.0000072290
0.0000072280
0.0000072270
0.0000072260
0.0000072249
0.0000072239
0.0000072229
0.0000072219
0.0000072209
0.0000072199
0.0000072189
0.0000072179
0.0000072169
0.0000072159
0.0000072149
0.0000072140
0.0000072130
0.0000072120
0.0000072110
0.0000072100
0.0000072091
0.0000072081
0.0000072071
0.0000072062
0.0000072052
0.0000072042
0.0000072033
0.0000072023
0.0000072014
0.0000072004
0.0000071995
0.0000071985
0.0000071976
0.0000071966
0.0000071957
0.0000071947
0.0000071938
0.0000071929
0.0000071919
0.0000071910
0.0000071901
0.0000071891
0.0000071882
0.0000071873
0.0000071864
0.0000071854
0.0000071845
0.0000071836
0.0000071827
0.0000071818
0.0000071809
0.0000071800
0.0000071790
0.0000071781
0.0000071772
0.0000071763
0.0000071754
0.0000071745
0.0000071736
0.0000071727
0.0000071719
0.0000071710
0.0000071701
0.0000071692
0.0000071683
0.0000071674
0.0000071665
0.0000071657
0.0000071648
0.0000071639
0.0000071630
0.0000071622
0.0000071613
0.0000071604
0.0000071595
0.0000071587
0.0000071578
0.0000071569
0.0000071561
0.0000071552
0.0000071544
0.0000071535
0.0000071526
0.0000071518
0.0000071509
0.0000071501
0.0000071492
0.0000071484
0.0000071475
0.0000071467
0.0000071459
0.0000071450
0.0000071442
0.0000071433
0.0000071425
0.0000071417
0.0000071408
0.0000071400
0.0000071392
0.0000071383
0.0000071375
0.0000071367
0.0000071358
0.0000071350
0.0000071342
0.0000071334
0.0000071325
0.0000071317
0.0000071309
0.0000071301
0.0000071293
0.0000071285
0.0000071276
0.0000071268
0.0000071260
0.0000071252
0.0000071244
0.0000071236
0.0000071228
0.0000071220
0.0000071212
0.0000071204
0.0000071196
0.0000071188
0.0000071180
0.0000071172
0.0000071164
0.0000071156
0.0000071148
0.0000071140
0.0000071132
0.0000071124
0.0000071117
0.0000071109
0.0000071101
0.0000071093
0.0000071085
0.0000071077
0.0000071069
0.0000071062
0.0000071054
0.0000071046
0.0000071038
0.0000071031
0.0000071023
0.0000071015
0.0000071007
0.0000071000
0.0000070992
0.0000070984
0.0000070977
0.0000070969
0.0000070961
0.0000070954
0.0000070946
0.0000070938
0.0000070931
0.0000070923
0.0000070916
0.0000070908
0.0000070900
0.0000070893
0.0000070885
0.0000070878
0.0000070870
0.0000070863
0.0000070855
0.0000070848
0.0000070840
0.0000070833
0.0000070825
0.0000070818
0.0000070810
0.0000070803
0.0000070796
0.0000070788
0.0000070781
0.0000070773
0.0000070766
0.0000070759
0.0000070751
0.0000070744
0.0000070737
0.0000070729
0.0000070722
0.0000070715
0.0000070707
0.0000070700
0.0000070693
0.0000070685
0.0000070678
0.0000070671
0.0000070664
0.0000070656
0.0000070649
0.0000070642
0.0000070635
0.0000070627
0.0000070620
0.0000070613
0.0000070606
0.0000070599
0.0000070592
0.0000070584
0.0000070577
0.0000070570
0.0000070563
0.0000070556
0.0000070549
0.0000070542
0.0000070535
0.0000070527
0.0000070520
0.0000070513
0.0000070506
0.0000070499
0.0000070492
0.0000070485
0.0000070478
0.0000070471
0.0000070464
0.0000070457
0.0000070450
0.0000070443
0.0000070436
0.0000070429
0.0000070422
0.0000070415
0.0000070408
0.0000070401
0.0000070394
0.0000070387
0.0000070381
0.0000070374
0.0000070367
0.0000070360
0.0000070353
0.0000070346
0.0000070339
0.0000070332
0.0000070325
0.0000070319
0.0000070312
0.0000070305
0.0000070298
0.0000070291
0.0000070285
0.0000070278
0.0000070271
0.0000070264
0.0000070257
0.0000070251
0.0000070244
0.0000070237
0.0000070230
0.0000070224
0.0000070217
0.0000070210
0.0000070203
0.0000070197
0.0000070190
0.0000070183
0.0000070177
0.0000070170
0.0000070163
0.0000070157
0.0000070150
0.0000070143
0.0000070137
0.0000070130
0.0000070123
0.0000070117
0.0000070110
0.0000070103
0.0000070097
0.0000070090
0.0000070084
0.0000070077
0.0000070070
0.0000070064
0.0000070057
0.0000070051
0.0000070044
0.0000070038
0.0000070031
0.0000070025
0.0000070018
0.0000070012
0.0000070005
0.0000069999
0.0000069992
0.0000069986
0.0000069979
0.0000069973
0.0000069966
0.0000069960
0.0000069953
0.0000069947
0.0000069940
0.0000069934
0.0000069927
0.0000069921
0.0000069914
0.0000069908
0.0000069902
0.0000069895
0.0000069889
0.0000069882
0.0000069876
0.0000069870
0.0000069863
0.0000069857
0.0000069851
0.0000069844
0.0000069838
0.0000069832
0.0000069825
0.0000069819
0.0000069813
0.0000069806
0.0000069800
0.0000069794
0.0000069787
0.0000069781
0.0000069775
0.0000069768
0.0000069762
0.0000069756
0.0000069750
0.0000069743
0.0000069737
0.0000069731
0.0000069725
0.0000069718
0.0000069712
0.0000069706
0.0000069700
0.0000069693
0.0000069687
0.0000069681
0.0000069675
0.0000069669
0.0000069662
0.0000069656
0.0000069650
0.0000069644
0.0000069638
0.0000069631
0.0000069625
0.0000069619
0.0000069613
0.0000069607
0.0000069601
0.0000069595
0.0000069588
0.0000069582
0.0000069576
0.0000069570
0.0000069564
0.0000069558
0.0000069552
0.0000069546
0.0000069540
0.0000069534
0.0000069528
0.0000069521
0.0000069515
0.0000069509
0.0000069503
0.0000069497
0.0000069491
0.0000069485
0.0000069479
0.0000069473
0.0000069467
0.0000069461
0.0000069455
0.0000069449
0.0000069443
0.0000069437
0.0000069431
0.0000069425
0.0000069419
0.0000069413
0.0000069407
0.0000069401
0.0000069395
0.0000069389
0.0000069383
0.0000069377
0.0000069371
0.0000069365
0.0000069360
0.0000069354
0.0000069348
0.0000069342
0.0000069336
0.0000069330
0.0000069324
0.0000069318
0.0000069312
0.0000069306
0.0000069300
0.0000069295
0.0000069289
0.0000069283
0.0000069277
0.0000069271
0.0000069265
0.0000069259
0.0000069254
0.0000069248
0.0000069242
0.0000069236
0.0000069230
0.0000069224
0.0000069219
0.0000069213
0.0000069207
0.0000069201
0.0000069195
0.0000069190
0.0000069184
0.0000069178
0.0000069172
0.0000069166
0.0000069161
0.0000069155
0.0000069149
0.0000069143
0.0000069138
0.0000069132
0.0000069126
0.0000069120
0.0000069115
0.0000069109
0.0000069103
0.0000069097
0.0000069092
0.0000069086
0.0000069080
0.0000069075
0.0000069069
0.0000069063
0.0000069057
0.0000069052
0.0000069046
0.0000069040
0.0000069035
0.0000069029
0.0000069023
0.0000069018
0.0000069012
0.0000069006
0.0000069001
0.0000068995
0.0000068989
0.0000068984
0.0000068978
0.0000068973
0.0000068967
0.0000068961
0.0000068956
0.0000068950
0.0000068944
0.0000068939
0.0000068933
0.0000068928
0.0000068922
0.0000068916
0.0000068911
0.0000068905
0.0000068900
0.0000068894
0.0000068888
0.0000068883
0.0000068877
0.0000068872
0.0000068866
0.0000068861
0.0000068855
0.0000068850
0.0000068844
0.0000068839
0.0000068833
0.0000068827
0.0000068822
0.0000068816
0.0000068811
0.0000068805
0.0000068800
0.0000068794
0.0000068789
0.0000068783
0.0000068778
0.0000068772
0.0000068767
0.0000068761
0.0000068756
0.0000068750
0.0000068745
0.0000068739
0.0000068734
0.0000068729
0.0000068723
0.0000068718
0.0000068712
0.0000068707
0.0000068701
0.0000068696
0.0000068690
0.0000068685
0.0000068680
0.0000068674
0.0000068669
0.0000068663
0.0000068658
0.0000068652
0.0000068647
0.0000068642
0.0000068636
0.0000068631
0.0000068626
0.0000068620
0.0000068615
0.0000068609
0.0000068604
0.0000068599
0.0000068593
0.0000068588
0.0000068582
0.0000068577
0.0000068572
0.0000068566
0.0000068561
0.0000068556
0.0000068550
0.0000068545
0.0000068540
0.0000068534
0.0000068529
0.0000068524
0.0000068518
0.0000068513
0.0000068508
0.0000068502
0.0000068497
0.0000068492
0.0000068487
0.0000068481
0.0000068476
0.0000068471
0.0000068465
0.0000068460
0.0000068455
0.0000068450
0.0000068444
0.0000068439
0.0000068434
0.0000068428
0.0000068423
0.0000068418
0.0000068413
0.0000068407
0.0000068402
0.0000068397
0.0000068392
0.0000068386
0.0000068381
0.0000068376
0.0000068371
0.0000068366
0.0000068360
0.0000068355
0.0000068350
0.0000068345
0.0000068339
0.0000068334
0.0000068329
0.0000068324
0.0000068319
0.0000068313
0.0000068308
0.0000068303
0.0000068298
0.0000068293
0.0000068288
0.0000068282
0.0000068277
0.0000068272
0.0000068267
0.0000068262
0.0000068257
0.0000068251
0.0000068246
0.0000068241
0.0000068236
0.0000068231
0.0000068226
0.0000068221
0.0000068215
0.0000068210
0.0000068205
0.0000068200
0.0000068195
0.0000068190
0.0000068185
0.0000068180
0.0000068174
0.0000068169
0.0000068164
0.0000068159
0.0000068154
0.0000068149
0.0000068144
0.0000068139
0.0000068134
0.0000068129
0.0000068123
0.0000068118
0.0000068113
0.0000068108
0.0000068103
0.0000068098
0.0000068093
0.0000068088
0.0000068083
0.0000068078
0.0000068073
0.0000068068
0.0000068063
0.0000068058
0.0000068053
0.0000068048
0.0000068043
0.0000068038
0.0000068033
0.0000068028
0.0000068023
0.0000068018
0.0000068012
0.0000068007
0.0000068002
0.0000067997
0.0000067992
0.0000067987
0.0000067982
0.0000067977
0.0000067972
0.0000067967
0.0000067962
0.0000067958
0.0000067953
0.0000067948
0.0000067943
0.0000067938
0.0000067933
0.0000067928
0.0000067923
0.0000067918
0.0000067913
0.0000067908
0.0000067903
0.0000067898
0.0000067893
0.0000067888
0.0000067883
0.0000067878
0.0000067873
0.0000067868
0.0000067863
0.0000067858
0.0000067853
0.0000067849
0.0000067844
0.0000067839
0.0000067834
0.0000067829
0.0000067824
0.0000067819
0.0000067814
0.0000067809
0.0000067804
0.0000067799
0.0000067795
0.0000067790
0.0000067785
0.0000067780
0.0000067775
0.0000067770
0.0000067765
0.0000067760
0.0000067756
0.0000067751
0.0000067746
0.0000067741
0.0000067736
0.0000067731
0.0000067726
0.0000067721
0.0000067717
0.0000067712
0.0000067707
0.0000067702
0.0000067697
0.0000067692
0.0000067688
0.0000067683
0.0000067678
0.0000067673
0.0000067668
0.0000067663
0.0000067659
0.0000067654
0.0000067649
0.0000067644
0.0000067639
0.0000067634
0.0000067630
0.0000067625
0.0000067620
0.0000067615
0.0000067610
0.0000067606
0.0000067601
0.0000067596
0.0000067591
0.0000067587
0.0000067582
0.0000067577
0.0000067572
0.0000067567
0.0000067563
0.0000067558
0.0000067553
0.0000067548
0.0000067544
0.0000067539
0.0000067534
0.0000067529
0.0000067525
0.0000067520
0.0000067515
0.0000067510
0.0000067506
0.0000067501
0.0000067496
0.0000067491
0.0000067487
0.0000067482
0.0000067477
0.0000067472
0.0000067468
0.0000067463
0.0000067458
0.0000067454
0.0000067449
0.0000067444
0.0000067439
0.0000067435
0.0000067430
0.0000067425
0.0000067421
0.0000067416
0.0000067411
0.0000067406
0.0000067402
0.0000067397
0.0000067392
0.0000067388
0.0000067383
0.0000067378
0.0000067374
0.0000067369
0.0000067364
0.0000067360
0.0000067355
0.0000067350
0.0000067346
0.0000067341
0.0000067336
0.0000067332
0.0000067327
0.0000067322
0.0000067318
0.0000067313
0.0000067308
0.0000067304
0.0000067299
0.0000067295
0.0000067290
0.0000067285
0.0000067281
0.0000067276
0.0000067271
0.0000067267
0.0000067262
0.0000067257
0.0000067253
0.0000067248
0.0000067244
0.0000067239
0.0000067234
0.0000067230
0.0000067225
0.0000067221
0.0000067216
0.0000067211
0.0000067207
0.0000067202
0.0000067198
0.0000067193
0.0000067188
0.0000067184
0.0000067179
0.0000067175
0.0000067170
0.0000067166
0.0000067161
0.0000067156
0.0000067152
0.0000067147
0.0000067143
0.0000067138
0.0000067134
0.0000067129
0.0000067124
0.0000067120
0.0000067115
0.0000067111
0.0000067106
0.0000067102
0.0000067097
0.0000067093
0.0000067088
0.0000067083
0.0000067079
0.0000067074
0.0000067070
0.0000067065
0.0000067061
0.0000067056
0.0000067052
0.0000067047
0.0000067043
0.0000067038
0.0000067034
0.0000067029
0.0000067025
0.0000067020
0.0000067016
0.0000067011
0.0000067007
0.0000067002
0.0000066998
0.0000066993
0.0000066989
0.0000066984
0.0000066980
0.0000066975
0.0000066971
0.0000066966
0.0000066962
0.0000066957
0.0000066953
0.0000066948
0.0000066944
0.0000066939
0.0000066935
0.0000066930
0.0000066926
0.0000066921
0.0000066917
0.0000066912
0.0000066908
0.0000066904
0.0000066899
0.0000066895
0.0000066890
0.0000066886
0.0000066881
0.0000066877
0.0000066872
0.0000066868
0.0000066863
0.0000066859
0.0000066855
0.0000066850
0.0000066846
0.0000066841
0.0000066837
0.0000066832
0.0000066828
0.0000066824
0.0000066819
0.0000066815
0.0000066810
0.0000066806
0.0000066802
0.0000066797
0.0000066793
0.0000066788
0.0000066784
0.0000066779
0.0000066775
0.0000066771
0.0000066766
0.0000066762
0.0000066757
0.0000066753
0.0000066749
0.0000066744
0.0000066740
0.0000066736
0.0000066731
0.0000066727
0.0000066722
0.0000066718
0.0000066714
0.0000066709
0.0000066705
0.0000066701
0.0000066696
0.0000066692
0.0000066687
0.0000066683
0.0000066679
0.0000066674
0.0000066670
0.0000066666
0.0000066661
0.0000066657
0.0000066653
0.0000066648
0.0000066644
0.0000066640
0.0000066635
0.0000066631
0.0000066626
0.0000066622
0.0000066618
0.0000066613
0.0000066609
0.0000066605
0.0000066600
0.0000066596
0.0000066592
0.0000066588
0.0000066583
0.0000066579
0.0000066575
0.0000066570
0.0000066566
0.0000066562
0.0000066557
0.0000066553
0.0000066549
0.0000066544
0.0000066540
0.0000066536
0.0000066531
0.0000066527
0.0000066523
0.0000066519
0.0000066514
0.0000066510
0.0000066506
0.0000066501
0.0000066497
0.0000066493
0.0000066489
0.0000066484
0.0000066480
0.0000066476
0.0000066471
0.0000066467
0.0000066463
0.0000066459
0.0000066454
0.0000066450
0.0000066446
0.0000066442
0.0000066437
0.0000066433
0.0000066429
0.0000066425
0.0000066420
0.0000066416
0.0000066412
0.0000066408
0.0000066403
0.0000066399
0.0000066395
0.0000066391
0.0000066386
0.0000066382
0.0000066378
0.0000066374
0.0000066369
0.0000066365
0.0000066361
0.0000066357
0.0000066352
0.0000066348
0.0000066344
0.0000066340
0.0000066336
0.0000066331
0.0000066327
0.0000066323
0.0000066319
0.0000066314
0.0000066310
0.0000066306
0.0000066302
0.0000066298
0.0000066293
0.0000066289
0.0000066285
0.0000066281
0.0000066277
0.0000066272
0.0000066268
0.0000066264
0.0000066260
0.0000066256
0.0000066251
0.0000066247
0.0000066243
0.0000066239
0.0000066235
0.0000066231
0.0000066226
0.0000066222
0.0000066218
0.0000066214
0.0000066210
0.0000066205
0.0000066201
0.0000066197
0.0000066193
0.0000066189
0.0000066185
0.0000066180
0.0000066176
0.0000066172
0.0000066168
0.0000066164
0.0000066160
0.0000066156
0.0000066151
0.0000066147
0.0000066143
0.0000066139
0.0000066135
0.0000066131
0.0000066127
0.0000066122
0.0000066118
0.0000066114
0.0000066110
0.0000066106
0.0000066102
0.0000066098
0.0000066093
0.0000066089
0.0000066085
0.0000066081
0.0000066077
0.0000066073
0.0000066069
0.0000066065
0.0000066060
0.0000066056
0.0000066052
0.0000066048
0.0000066044
0.0000066040
0.0000066036
0.0000066032
0.0000066028
0.0000066024
0.0000066019
0.0000066015
0.0000066011
0.0000066007
0.0000066003
0.0000065999
0.0000065995
0.0000065991
0.0000065987
0.0000065983
0.0000065979
0.0000065974
0.0000065970
0.0000065966
0.0000065962
0.0000065958
0.0000065954
0.0000065950
0.0000065946
0.0000065942
0.0000065938
0.0000065934
0.0000065930
0.0000065926
0.0000065921
0.0000065917
0.0000065913
0.0000065909
0.0000065905
0.0000065901
0.0000065897
0.0000065893
0.0000065889
0.0000065885
0.0000065881
0.0000065877
0.0000065873
0.0000065869
0.0000065865
0.0000065861
0.0000065857
0.0000065853
0.0000065849
0.0000065845
0.0000065840
0.0000065836
0.0000065832
0.0000065828
0.0000065824
0.0000065820
0.0000065816
0.0000065812
0.0000065808
0.0000065804
0.0000065800
0.0000065796
0.0000065792
0.0000065788
0.0000065784
0.0000065780
0.0000065776
0.0000065772
0.0000065768
0.0000065764
0.0000065760
0.0000065756
0.0000065752
0.0000065748
0.0000065744
0.0000065740
0.0000065736
0.0000065732
0.0000065728
0.0000065724
0.0000065720
0.0000065716
0.0000065712
0.0000065708
0.0000065704
0.0000065700
0.0000065696
0.0000065692
0.0000065688
0.0000065684
0.0000065680
0.0000065676
0.0000065672
0.0000065668
0.0000065664
0.0000065660
0.0000065656
0.0000065652
0.0000065648
0.0000065645
0.0000065641
0.0000065637
0.0000065633
0.0000065629
0.0000065625
0.0000065621
0.0000065617
0.0000065613
0.0000065609
0.0000065605
0.0000065601
0.0000065597
0.0000065593
0.0000065589
0.0000065585
0.0000065581
0.0000065577
0.0000065573
0.0000065569
0.0000065565
0.0000065562
0.0000065558
0.0000065554
0.0000065550
0.0000065546
0.0000065542
0.0000065538
0.0000065534
0.0000065530
0.0000065526
0.0000065522
0.0000065518
0.0000065514
0.0000065510
0.0000065507
0.0000065503
0.0000065499
0.0000065495
0.0000065491
0.0000065487
0.0000065483
0.0000065479
0.0000065475
0.0000065471
0.0000065467
0.0000065464
0.0000065460
0.0000065456
0.0000065452
0.0000065448
0.0000065444
0.0000065440
0.0000065436
0.0000065432
0.0000065428
0.0000065425
0.0000065421
0.0000065417
0.0000065413
0.0000065409
0.0000065405
0.0000065401
0.0000065397
0.0000065393
0.0000065390
0.0000065386
0.0000065382
0.0000065378
0.0000065374
0.0000065370
0.0000065366
0.0000065362
0.0000065359
0.0000065355
0.0000065351
0.0000065347
0.0000065343
0.0000065339
0.0000065335
0.0000065332
0.0000065328
0.0000065324
0.0000065320
0.0000065316
0.0000065312
0.0000065308
0.0000065305
0.0000065301
0.0000065297
0.0000065293
0.0000065289
0.0000065285
0.0000065281
0.0000065278
0.0000065274
0.0000065270
0.0000065266
0.0000065262
0.0000065258
0.0000065255
0.0000065251
0.0000065247
0.0000065243
0.0000065239
0.0000065235
0.0000065232
0.0000065228
0.0000065224
0.0000065220
0.0000065216
0.0000065212
0.0000065209
0.0000065205
0.0000065201
0.0000065197
0.0000065193
0.0000065190
0.0000065186
0.0000065182
0.0000065178
0.0000065174
0.0000065170
0.0000065167
0.0000065163
0.0000065159
0.0000065155
0.0000065151
0.0000065148
0.0000065144
0.0000065140
0.0000065136
0.0000065132
0.0000065129
0.0000065125
0.0000065121
0.0000065117
0.0000065113
0.0000065110
0.0000065106
0.0000065102
0.0000065098
0.0000065095
0.0000065091
0.0000065087
0.0000065083
0.0000065079
0.0000065076
0.0000065072
0.0000065068
0.0000065064
0.0000065061
0.0000065057
0.0000065053
0.0000065049
0.0000065045
0.0000065042
0.0000065038
0.0000065034
0.0000065030
0.0000065027
0.0000065023
0.0000065019
0.0000065015
0.0000065012
0.0000065008
0.0000065004
0.0000065000
0.0000064997
0.0000064993
0.0000064989
0.0000064985
0.0000064982
0.0000064978
0.0000064974
0.0000064970
0.0000064967
0.0000064963
0.0000064959
0.0000064955
0.0000064952
0.0000064948
0.0000064944
0.0000064940
0.0000064937
0.0000064933
0.0000064929
0.0000064925
0.0000064922
0.0000064918
0.0000064914
0.0000064910
0.0000064907
0.0000064903
0.0000064899
0.0000064896
0.0000064892
0.0000064888
0.0000064884
0.0000064881
0.0000064877
0.0000064873
0.0000064870
0.0000064866
0.0000064862
0.0000064858
0.0000064855
0.0000064851
0.0000064847
0.0000064844
0.0000064840
0.0000064836
0.0000064832
0.0000064829
0.0000064825
0.0000064821
0.0000064818
0.0000064814
0.0000064810
0.0000064807
0.0000064803
0.0000064799
0.0000064795
0.0000064792
0.0000064788
0.0000064784
0.0000064781
0.0000064777
0.0000064773
0.0000064770
0.0000064766
0.0000064762
0.0000064759
0.0000064755
0.0000064751
0.0000064748
0.0000064744
0.0000064740
0.0000064736
0.0000064733
0.0000064729
0.0000064725
0.0000064722
0.0000064718
0.0000064714
0.0000064711
0.0000064707
0.0000064703
0.0000064700
0.0000064696
0.0000064692
0.0000064689
0.0000064685
0.0000064681
0.0000064678
0.0000064674
0.0000064670
0.0000064667
0.0000064663
0.0000064660
0.0000064656
0.0000064652
0.0000064649
0.0000064645
0.0000064641
0.0000064638
0.0000064634
0.0000064630
0.0000064627
0.0000064623
0.0000064619
0.0000064616
0.0000064612
0.0000064608
0.0000064605
0.0000064601
0.0000064598
0.0000064594
0.0000064590
0.0000064587
0.0000064583
0.0000064579
0.0000064576
0.0000064572
0.0000064568
0.0000064565
0.0000064561
0.0000064558
0.0000064554
0.0000064550
0.0000064547
0.0000064543
0.0000064540
0.0000064536
0.0000064532
0.0000064529
0.0000064525
0.0000064521
0.0000064518
0.0000064514
0.0000064511
0.0000064507
0.0000064503
0.0000064500
0.0000064496
0.0000064493
0.0000064489
0.0000064485
0.0000064482
0.0000064478
0.0000064475
0.0000064471
0.0000064467
0.0000064464
0.0000064460
0.0000064457
0.0000064453
0.0000064449
0.0000064446
0.0000064442
0.0000064439
0.0000064435
0.0000064431
0.0000064428
0.0000064424
0.0000064421
0.0000064417
0.0000064413
0.0000064410
0.0000064406
0.0000064403
0.0000064399
0.0000064396
0.0000064392
0.0000064388
0.0000064385
0.0000064381
0.0000064378
0.0000064374
0.0000064370
0.0000064367
0.0000064363
0.0000064360
0.0000064356
0.0000064353
0.0000064349
0.0000064346
0.0000064342
0.0000064338
0.0000064335
0.0000064331
0.0000064328
0.0000064324
0.0000064321
0.0000064317
0.0000064313
0.0000064310
0.0000064306
0.0000064303
0.0000064299
0.0000064296
0.0000064292
0.0000064289
0.0000064285
0.0000064281
0.0000064278
0.0000064274
0.0000064271
0.0000064267
0.0000064264
0.0000064260
0.0000064257
0.0000064253
0.0000064250
0.0000064246
0.0000064243
0.0000064239
0.0000064235
0.0000064232
0.0000064228
0.0000064225
0.0000064221
0.0000064218
0.0000064214
0.0000064211
0.0000064207
0.0000064204
0.0000064200
0.0000064197
0.0000064193
0.0000064190
0.0000064186
0.0000064183
0.0000064179
0.0000064175
0.0000064172
0.0000064168
0.0000064165
0.0000064161
0.0000064158
0.0000064154
0.0000064151
0.0000064147
0.0000064144
0.0000064140
0.0000064137
0.0000064133
0.0000064130
0.0000064126
0.0000064123
0.0000064119
0.0000064116
0.0000064112
0.0000064109
0.0000064105
0.0000064102
0.0000064098
0.0000064095
0.0000064091
0.0000064088
0.0000064084
0.0000064081
0.0000064077
0.0000064074
0.0000064070
0.0000064067
0.0000064063
0.0000064060
0.0000064056
0.0000064053
0.0000064049
0.0000064046
0.0000064042
0.0000064039
0.0000064035
0.0000064032
0.0000064028
0.0000064025
0.0000064022
0.0000064018
0.0000064015
0.0000064011
0.0000064008
0.0000064004
0.0000064001
0.0000063997
0.0000063994
0.0000063990
0.0000063987
0.0000063983
0.0000063980
0.0000063976
0.0000063973
0.0000063969
0.0000063966
0.0000063963
0.0000063959
0.0000063956
0.0000063952
0.0000063949
0.0000063945
0.0000063942
0.0000063938
0.0000063935
0.0000063931
0.0000063928
0.0000063924
0.0000063921
0.0000063918
0.0000063914
0.0000063911
0.0000063907
0.0000063904
0.0000063900
0.0000063897
0.0000063893
0.0000063890
0.0000063887
0.0000063883
0.0000063880
0.0000063876
0.0000063873
0.0000063869
0.0000063866
0.0000063862
0.0000063859
0.0000063856
0.0000063852
0.0000063849
0.0000063845
0.0000063842
0.0000063838
0.0000063835
0.0000063832
0.0000063828
0.0000063825
0.0000063821
0.0000063818
0.0000063814
0.0000063811
0.0000063808
0.0000063804
0.0000063801
0.0000063797
0.0000063794
0.0000063790
0.0000063787
0.0000063784
0.0000063780
0.0000063777
0.0000063773
0.0000063770
0.0000063767
0.0000063763
0.0000063760
0.0000063756
0.0000063753
0.0000063749
0.0000063746
0.0000063743
0.0000063739
0.0000063736
0.0000063732
0.0000063729
0.0000063726
0.0000063722
0.0000063719
0.0000063715
0.0000063712
0.0000063709
0.0000063705
0.0000063702
0.0000063698
0.0000063695
0.0000063692
0.0000063688
0.0000063685
0.0000063681
0.0000063678
0.0000063675
0.0000063671
0.0000063668
0.0000063664
0.0000063661
0.0000063658
0.0000063654
0.0000063651
0.0000063648
0.0000063644
0.0000063641
0.0000063637
0.0000063634
0.0000063631
0.0000063627
0.0000063624
0.0000063621
0.0000063617
0.0000063614
0.0000063610
0.0000063607
0.0000063604
0.0000063600
0.0000063597
0.0000063594
0.0000063590
0.0000063587
0.0000063583
0.0000063580
0.0000063577
0.0000063573
0.0000063570
0.0000063567
0.0000063563
0.0000063560
0.0000063556
0.0000063553
0.0000063550
0.0000063546
0.0000063543
0.0000063540
0.0000063536
0.0000063533
0.0000063530
0.0000063526
0.0000063523
0.0000063520
0.0000063516
0.0000063513
0.0000063509
0.0000063506
0.0000063503
0.0000063499
0.0000063496
0.0000063493
0.0000063489
0.0000063486
0.0000063483
0.0000063479
0.0000063476
0.0000063473
0.0000063469
0.0000063466
0.0000063463
0.0000063459
0.0000063456
0.0000063453
0.0000063449
0.0000063446
0.0000063443
0.0000063439
0.0000063436
0.0000063433
0.0000063429
0.0000063426
0.0000063423
0.0000063419
0.0000063416
0.0000063413
0.0000063409
0.0000063406
0.0000063403
0.0000063399
0.0000063396
0.0000063393
0.0000063389
0.0000063386
0.0000063383
0.0000063379
0.0000063376
0.0000063373
0.0000063369
0.0000063366
0.0000063363
0.0000063360
0.0000063356
0.0000063353
0.0000063350
0.0000063346
0.0000063343
0.0000063340
0.0000063336
0.0000063333
0.0000063330
0.0000063326
0.0000063323
0.0000063320
0.0000063316
0.0000063313
0.0000063310
0.0000063307
0.0000063303
0.0000063300
0.0000063297
0.0000063293
0.0000063290
0.0000063287
0.0000063283
0.0000063280
0.0000063277
0.0000063274
0.0000063270
0.0000063267
0.0000063264
0.0000063260
0.0000063257
0.0000063254
0.0000063251
0.0000063247
0.0000063244
0.0000063241
0.0000063237
0.0000063234
0.0000063231
0.0000063228
0.0000063224
0.0000063221
0.0000063218
0.0000063214
0.0000063211
0.0000063208
0.0000063205
0.0000063201
0.0000063198
0.0000063195
0.0000063191
0.0000063188
0.0000063185
0.0000063182
0.0000063178
0.0000063175
0.0000063172
0.0000063169
0.0000063165
0.0000063162
0.0000063159
0.0000063155
0.0000063152
0.0000063149
0.0000063146
0.0000063142
0.0000063139
0.0000063136
0.0000063133
0.0000063129
0.0000063126
0.0000063123
0.0000063120
0.0000063116
0.0000063113
0.0000063110
0.0000063107
0.0000063103
0.0000063100
0.0000063097
0.0000063093
0.0000063090
0.0000063087
0.0000063084
0.0000063080
0.0000063077
0.0000063074
0.0000063071
0.0000063067
0.0000063064
0.0000063061
0.0000063058
0.0000063055
0.0000063051
0.0000063048
0.0000063045
0.0000063042
0.0000063038
0.0000063035
0.0000063032
0.0000063029
0.0000063025
0.0000063022
0.0000063019
0.0000063016
0.0000063012
0.0000063009
0.0000063006
0.0000063003
0.0000062999
0.0000062996
0.0000062993
0.0000062990
0.0000062987
0.0000062983
0.0000062980
0.0000062977
0.0000062974
0.0000062970
0.0000062967
0.0000062964
0.0000062961
0.0000062957
0.0000062954
0.0000062951
0.0000062948
0.0000062945
0.0000062941
0.0000062938
0.0000062935
0.0000062932
0.0000062928
0.0000062925
0.0000062922
0.0000062919
0.0000062916
0.0000062912
0.0000062909
0.0000062906
0.0000062903
0.0000062900
0.0000062896
0.0000062893
0.0000062890
0.0000062887
0.0000062884
0.0000062880
0.0000062877
0.0000062874
0.0000062871
0.0000062867
0.0000062864
0.0000062861
0.0000062858
0.0000062855
0.0000062851
0.0000062848
0.0000062845
0.0000062842
0.0000062839
0.0000062835
0.0000062832
0.0000062829
0.0000062826
0.0000062823
0.0000062820
0.0000062816
0.0000062813
0.0000062810
0.0000062807
0.0000062804
0.0000062800
0.0000062797
0.0000062794
0.0000062791
0.0000062788
0.0000062784
0.0000062781
0.0000062778
0.0000062775
0.0000062772
0.0000062769
0.0000062765
0.0000062762
0.0000062759
0.0000062756
0.0000062753
0.0000062749
0.0000062746
0.0000062743
0.0000062740
0.0000062737
0.0000062734
0.0000062730
0.0000062727
0.0000062724
0.0000062721
0.0000062718
0.0000062715
0.0000062711
0.0000062708
0.0000062705
0.0000062702
0.0000062699
0.0000062696
0.0000062692
0.0000062689
0.0000062686
0.0000062683
0.0000062680
0.0000062677
0.0000062673
0.0000062670
0.0000062667
0.0000062664
0.0000062661
0.0000062658
0.0000062654
0.0000062651
0.0000062648
0.0000062645
0.0000062642
0.0000062639
0.0000062635
0.0000062632
0.0000062629
0.0000062626
0.0000062623
0.0000062620
0.0000062617
0.0000062613
0.0000062610
0.0000062607
0.0000062604
0.0000062601
0.0000062598
0.0000062595
0.0000062591
0.0000062588
0.0000062585
0.0000062582
0.0000062579
0.0000062576
0.0000062573
0.0000062569
0.0000062566
0.0000062563
0.0000062560
0.0000062557
0.0000062554
0.0000062551
0.0000062547
0.0000062544
0.0000062541
0.0000062538
0.0000062535
0.0000062532
0.0000062529
0.0000062525
0.0000062522
0.0000062519
0.0000062516
0.0000062513
0.0000062510
0.0000062507
0.0000062504
0.0000062500
0.0000062497
0.0000062494
0.0000062491
0.0000062488
0.0000062485
0.0000062482
0.0000062479
0.0000062475
0.0000062472
0.0000062469
0.0000062466
0.0000062463
0.0000062460
0.0000062457
0.0000062454
0.0000062451
0.0000062447
0.0000062444
0.0000062441
0.0000062438
0.0000062435
0.0000062432
0.0000062429
0.0000062426
0.0000062423
0.0000062419
0.0000062416
0.0000062413
0.0000062410
0.0000062407
0.0000062404
0.0000062401
0.0000062398
0.0000062395
0.0000062391
0.0000062388
0.0000062385
0.0000062382
0.0000062379
0.0000062376
0.0000062373
0.0000062370
0.0000062367
0.0000062364
0.0000062360
0.0000062357
0.0000062354
0.0000062351
0.0000062348
0.0000062345
0.0000062342
0.0000062339
0.0000062336
0.0000062333
0.0000062330
0.0000062326
0.0000062323
0.0000062320
0.0000062317
0.0000062314
0.0000062311
0.0000062308
0.0000062305
0.0000062302
0.0000062299
0.0000062296
0.0000062292
0.0000062289
0.0000062286
0.0000062283
0.0000062280
0.0000062277
0.0000062274
0.0000062271
0.0000062268
0.0000062265
0.0000062262
0.0000062259
0.0000062256
0.0000062252
0.0000062249
0.0000062246
0.0000062243
0.0000062240
0.0000062237
0.0000062234
0.0000062231
0.0000062228
0.0000062225
0.0000062222
0.0000062219
0.0000062216
0.0000062213
0.0000062209
0.0000062206
0.0000062203
0.0000062200
0.0000062197
0.0000062194
0.0000062191
0.0000062188
0.0000062185
0.0000062182
0.0000062179
0.0000062176
0.0000062173
0.0000062170
0.0000062167
0.0000062164
0.0000062160
0.0000062157
0.0000062154
0.0000062151
0.0000062148
0.0000062145
0.0000062142
0.0000062139
0.0000062136
0.0000062133
0.0000062130
0.0000062127
0.0000062124
0.0000062121
0.0000062118
0.0000062115
0.0000062112
0.0000062109
0.0000062106
0.0000062103
0.0000062099
0.0000062096
0.0000062093
0.0000062090
0.0000062087
0.0000062084
0.0000062081
0.0000062078
0.0000062075
0.0000062072
0.0000062069
0.0000062066
0.0000062063
0.0000062060
0.0000062057
0.0000062054
0.0000062051
0.0000062048
0.0000062045
0.0000062042
0.0000062039
0.0000062036
0.0000062033
0.0000062030
0.0000062027
0.0000062024
0.0000062021
0.0000062018
0.0000062014
0.0000062011
0.0000062008
0.0000062005
0.0000062002
0.0000061999
0.0000061996
0.0000061993
0.0000061990
0.0000061987
0.0000061984
0.0000061981
0.0000061978
0.0000061975
0.0000061972
0.0000061969
0.0000061966
0.0000061963
0.0000061960
0.0000061957
0.0000061954
0.0000061951
0.0000061948
0.0000061945
0.0000061942
0.0000061939
0.0000061936
0.0000061933
0.0000061930
0.0000061927
0.0000061924
0.0000061921
0.0000061918
0.0000061915
0.0000061912
0.0000061909
0.0000061906
0.0000061903
0.0000061900
0.0000061897
0.0000061894
0.0000061891
0.0000061888
0.0000061885
0.0000061882
0.0000061879
0.0000061876
0.0000061873
0.0000061870
0.0000061867
0.0000061864
0.0000061861
0.0000061858
0.0000061855
0.0000061852
0.0000061849
0.0000061846
0.0000061843
0.0000061840
0.0000061837
0.0000061834
0.0000061831
0.0000061828
0.0000061825
0.0000061822
0.0000061819
0.0000061816
0.0000061813
0.0000061810
0.0000061807
0.0000061804
0.0000061801
0.0000061798
0.0000061795
0.0000061792
0.0000061789
0.0000061786
0.0000061783
0.0000061780
0.0000061777
0.0000061774
0.0000061771
0.0000061768
0.0000061765
0.0000061762
0.0000061759
0.0000061756
0.0000061753
0.0000061750
0.0000061747
0.0000061744
0.0000061741
0.0000061738
0.0000061735
0.0000061732
0.0000061729
0.0000061726
0.0000061724
0.0000061721
0.0000061718
0.0000061715
0.0000061712
0.0000061709
0.0000061706
0.0000061703
0.0000061700
0.0000061697
0.0000061694
0.0000061691
0.0000061688
0.0000061685
0.0000061682
0.0000061679
0.0000061676
0.0000061673
0.0000061670
0.0000061667
0.0000061664
0.0000061661
0.0000061658
0.0000061655
0.0000061652
0.0000061649
0.0000061646
0.0000061643
0.0000061640
0.0000061638
0.0000061635
0.0000061632
0.0000061629
0.0000061626
0.0000061623
0.0000061620
0.0000061617
0.0000061614
0.0000061611
0.0000061608
0.0000061605
0.0000061602
0.0000061599
0.0000061596
0.0000061593
0.0000061590
0.0000061587
0.0000061584
0.0000061581
0.0000061579
0.0000061576
0.0000061573
0.0000061570
0.0000061567
0.0000061564
0.0000061561
0.0000061558
0.0000061555
0.0000061552
0.0000061549
0.0000061546
0.0000061543
0.0000061540
0.0000061537
0.0000061534
0.0000061531
0.0000061529
0.0000061526
0.0000061523
0.0000061520
0.0000061517
0.0000061514
0.0000061511
0.0000061508
0.0000061505
0.0000061502
0.0000061499
0.0000061496
0.0000061493
0.0000061490
0.0000061487
0.0000061485
0.0000061482
0.0000061479
0.0000061476
0.0000061473
0.0000061470
0.0000061467
0.0000061464
0.0000061461
0.0000061458
0.0000061455
0.0000061452
0.0000061449
0.0000061447
0.0000061444
0.0000061441
0.0000061438
0.0000061435
0.0000061432
0.0000061429
0.0000061426
0.0000061423
0.0000061420
0.0000061417
0.0000061414
0.0000061412
0.0000061409
0.0000061406
0.0000061403
0.0000061400
0.0000061397
0.0000061394
0.0000061391
0.0000061388
0.0000061385
0.0000061382
0.0000061379
0.0000061377
0.0000061374
0.0000061371
0.0000061368
0.0000061365
0.0000061362
0.0000061359
0.0000061356
0.0000061353
0.0000061350
0.0000061348
0.0000061345
0.0000061342
0.0000061339
0.0000061336
0.0000061333
0.0000061330
0.0000061327
0.0000061324
0.0000061321
0.0000061319
0.0000061316
0.0000061313
0.0000061310
0.0000061307
0.0000061304
0.0000061301
0.0000061298
0.0000061295
0.0000061292
0.0000061290
0.0000061287
0.0000061284
0.0000061281
0.0000061278
0.0000061275
0.0000061272
0.0000061269
0.0000061266
0.0000061264
0.0000061261
0.0000061258
0.0000061255
0.0000061252
0.0000061249
0.0000061246
0.0000061243
0.0000061240
0.0000061238
0.0000061235
0.0000061232
0.0000061229
0.0000061226
0.0000061223
0.0000061220
0.0000061217
0.0000061215
0.0000061212
0.0000061209
0.0000061206
0.0000061203
0.0000061200
0.0000061197
0.0000061194
0.0000061191
0.0000061189
0.0000061186
0.0000061183
0.0000061180
0.0000061177
0.0000061174
0.0000061171
0.0000061168
0.0000061166
0.0000061163
0.0000061160
0.0000061157
0.0000061154
0.0000061151
0.0000061148
0.0000061146
0.0000061143
0.0000061140
0.0000061137
0.0000061134
0.0000061131
0.0000061128
0.0000061125
0.0000061123
0.0000061120
0.0000061117
0.0000061114
0.0000061111
0.0000061108
0.0000061105
0.0000061103
0.0000061100
0.0000061097
0.0000061094
0.0000061091
0.0000061088
0.0000061085
0.0000061083
0.0000061080
0.0000061077
0.0000061074
0.0000061071
0.0000061068
0.0000061065
0.0000061063
0.0000061060
0.0000061057
0.0000061054
0.0000061051
0.0000061048
0.0000061045
0.0000061043
0.0000061040
0.0000061037
0.0000061034
0.0000061031
0.0000061028
0.0000061026
0.0000061023
0.0000061020
0.0000061017
0.0000061014
0.0000061011
0.0000061008
0.0000061006
0.0000061003
0.0000061000
0.0000060997
0.0000060994
0.0000060991
0.0000060989
0.0000060986
0.0000060983
0.0000060980
0.0000060977
0.0000060974
0.0000060972
0.0000060969
0.0000060966
0.0000060963
0.0000060960
0.0000060957
0.0000060955
0.0000060952
0.0000060949
0.0000060946
0.0000060943
0.0000060940
0.0000060938
0.0000060935
0.0000060932
0.0000060929
0.0000060926
0.0000060923
0.0000060921
0.0000060918
0.0000060915
0.0000060912
0.0000060909
0.0000060906
0.0000060904
0.0000060901
0.0000060898
0.0000060895
0.0000060892
0.0000060889
0.0000060887
0.0000060884
0.0000060881
0.0000060878
0.0000060875
0.0000060872
0.0000060870
0.0000060867
0.0000060864
0.0000060861
0.0000060858
0.0000060856
0.0000060853
0.0000060850
0.0000060847
0.0000060844
0.0000060841
0.0000060839
0.0000060836
0.0000060833
0.0000060830
0.0000060827
0.0000060825
0.0000060822
0.0000060819
0.0000060816
0.0000060813
0.0000060811
0.0000060808
0.0000060805
0.0000060802
0.0000060799
0.0000060797
0.0000060794
0.0000060791
0.0000060788
0.0000060785
0.0000060782
0.0000060780
0.0000060777
0.0000060774
0.0000060771
0.0000060768
0.0000060766
0.0000060763
0.0000060760
0.0000060757
0.0000060754
0.0000060752
0.0000060749
0.0000060746
0.0000060743
0.0000060740
0.0000060738
0.0000060735
0.0000060732
0.0000060729
0.0000060726
0.0000060724
0.0000060721
0.0000060718
0.0000060715
0.0000060712
0.0000060710
0.0000060707
0.0000060704
0.0000060701
0.0000060699
0.0000060696
0.0000060693
0.0000060690
0.0000060687
0.0000060685
0.0000060682
0.0000060679
0.0000060676
0.0000060673
0.0000060671
0.0000060668
0.0000060665
0.0000060662
0.0000060659
0.0000060657
0.0000060654
0.0000060651
0.0000060648
0.0000060646
0.0000060643
0.0000060640
0.0000060637
0.0000060634
0.0000060632
0.0000060629
0.0000060626
0.0000060623
0.0000060621
0.0000060618
0.0000060615
0.0000060612
0.0000060609
0.0000060607
0.0000060604
0.0000060601
0.0000060598
0.0000060596
0.0000060593
0.0000060590
0.0000060587
0.0000060584
0.0000060582
0.0000060579
0.0000060576
0.0000060573
0.0000060571
0.0000060568
0.0000060565
0.0000060562
0.0000060559
0.0000060557
0.0000060554
0.0000060551
0.0000060548
0.0000060546
0.0000060543
0.0000060540
0.0000060537
0.0000060535
0.0000060532
0.0000060529
0.0000060526
0.0000060524
0.0000060521
0.0000060518
0.0000060515
0.0000060512
0.0000060510
0.0000060507
0.0000060504
0.0000060501
0.0000060499
0.0000060496
0.0000060493
0.0000060490
0.0000060488
0.0000060485
0.0000060482
0.0000060479
0.0000060477
0.0000060474
0.0000060471
0.0000060468
0.0000060466
0.0000060463
0.0000060460
0.0000060457
0.0000060455
0.0000060452
0.0000060449
0.0000060446
0.0000060444
0.0000060441
0.0000060438
0.0000060435
0.0000060433
0.0000060430
0.0000060427
0.0000060424
0.0000060422
0.0000060419
0.0000060416
0.0000060413
0.0000060411
0.0000060408
0.0000060405
0.0000060402
0.0000060400
0.0000060397
0.0000060394
0.0000060391
0.0000060389
0.0000060386
0.0000060383
0.0000060380
0.0000060378
0.0000060375
0.0000060372
0.0000060370
0.0000060367
0.0000060364
0.0000060361
0.0000060359
0.0000060356
0.0000060353
0.0000060350
0.0000060348
0.0000060345
0.0000060342
0.0000060339
0.0000060337
0.0000060334
0.0000060331
0.0000060328
0.0000060326
0.0000060323
0.0000060320
0.0000060318
0.0000060315
0.0000060312
0.0000060309
0.0000060307
0.0000060304
0.0000060301
0.0000060298
0.0000060296
0.0000060293
0.0000060290
0.0000060288
0.0000060285
0.0000060282
0.0000060279
0.0000060277
0.0000060274
0.0000060271
0.0000060268
0.0000060266
0.0000060263
0.0000060260
0.0000060258
0.0000060255
0.0000060252
0.0000060249
0.0000060247
0.0000060244
0.0000060241
0.0000060239
0.0000060236
0.0000060233
0.0000060230
0.0000060228
0.0000060225
0.0000060222
0.0000060220
0.0000060217
0.0000060214
0.0000060211
0.0000060209
0.0000060206
0.0000060203
0.0000060201
0.0000060198
0.0000060195
0.0000060192
0.0000060190
0.0000060187
0.0000060184
0.0000060182
0.0000060179
0.0000060176
0.0000060173
0.0000060171
0.0000060168
0.0000060165
0.0000060163
0.0000060160
0.0000060157
0.0000060155
0.0000060152
0.0000060149
0.0000060146
0.0000060144
0.0000060141
0.0000060138
0.0000060136
0.0000060133
0.0000060130
0.0000060128
0.0000060125
0.0000060122
0.0000060119
0.0000060117
0.0000060114
0.0000060111
0.0000060109
0.0000060106
0.0000060103
0.0000060101
0.0000060098
0.0000060095
0.0000060092
0.0000060090
0.0000060087
0.0000060084
0.0000060082
0.0000060079
0.0000060076
0.0000060074
0.0000060071
0.0000060068
0.0000060066
0.0000060063
0.0000060060
0.0000060057
0.0000060055
0.0000060052
0.0000060049
0.0000060047
0.0000060044
0.0000060041
0.0000060039
0.0000060036
0.0000060033
0.0000060031
0.0000060028
0.0000060025
0.0000060023
0.0000060020
0.0000060017
0.0000060014
0.0000060012
0.0000060009
0.0000060006
0.0000060004
0.0000060001
0.0000059998
0.0000059996
0.0000059993
0.0000059990
0.0000059988
0.0000059985
0.0000059982
0.0000059980
0.0000059977
0.0000059974
0.0000059972
0.0000059969
0.0000059966
0.0000059964
0.0000059961
0.0000059958
0.0000059956
0.0000059953
0.0000059950
0.0000059948
0.0000059945
0.0000059942
0.0000059940
0.0000059937
0.0000059934
0.0000059931
0.0000059929
0.0000059926
0.0000059923
0.0000059921
0.0000059918
0.0000059915
0.0000059913
0.0000059910
0.0000059907
0.0000059905
0.0000059902
0.0000059899
0.0000059897
0.0000059894
0.0000059891
0.0000059889
0.0000059886
0.0000059883
0.0000059881
0.0000059878
0.0000059876
0.0000059873
0.0000059870
0.0000059868
0.0000059865
0.0000059862
0.0000059860
0.0000059857
0.0000059854
0.0000059852
0.0000059849
0.0000059846
0.0000059844
0.0000059841
0.0000059838
0.0000059836
0.0000059833
0.0000059830
0.0000059828
0.0000059825
0.0000059822
0.0000059820
0.0000059817
0.0000059814
0.0000059812
0.0000059809
0.0000059806
0.0000059804
0.0000059801
0.0000059798
0.0000059796
0.0000059793
0.0000059791
0.0000059788
0.0000059785
0.0000059783
0.0000059780
0.0000059777
0.0000059775
0.0000059772
0.0000059769
0.0000059767
0.0000059764
0.0000059761
0.0000059759
0.0000059756
0.0000059753
0.0000059751
0.0000059748
0.0000059746
0.0000059743
0.0000059740
0.0000059738
0.0000059735
0.0000059732
0.0000059730
0.0000059727
0.0000059724
0.0000059722
0.0000059719
0.0000059717
0.0000059714
0.0000059711
0.0000059709
0.0000059706
0.0000059703
0.0000059701
0.0000059698
0.0000059695
0.0000059693
0.0000059690
0.0000059688
0.0000059685
0.0000059682
0.0000059680
0.0000059677
0.0000059674
0.0000059672
0.0000059669
0.0000059666
0.0000059664
0.0000059661
0.0000059659
0.0000059656
0.0000059653
0.0000059651
0.0000059648
0.0000059645
0.0000059643
0.0000059640
0.0000059638
0.0000059635
0.0000059632
0.0000059630
0.0000059627
0.0000059624
0.0000059622
0.0000059619
0.0000059617
0.0000059614
0.0000059611
0.0000059609
0.0000059606
0.0000059603
0.0000059601
0.0000059598
0.0000059596
0.0000059593
0.0000059590
0.0000059588
0.0000059585
0.0000059583
0.0000059580
0.0000059577
0.0000059575
0.0000059572
0.0000059569
0.0000059567
0.0000059564
0.0000059562
0.0000059559
0.0000059556
0.0000059554
0.0000059551
0.0000059549
0.0000059546
0.0000059543
0.0000059541
0.0000059538
0.0000059535
0.0000059533
0.0000059530
0.0000059528
0.0000059525
0.0000059522
0.0000059520
0.0000059517
0.0000059515
0.0000059512
0.0000059509
0.0000059507
0.0000059504
0.0000059502
0.0000059499
0.0000059496
0.0000059494
0.0000059491
0.0000059489
0.0000059486
0.0000059483
0.0000059481
0.0000059478
0.0000059475
0.0000059473
0.0000059470
0.0000059468
0.0000059465
0.0000059462
0.0000059460
0.0000059457
0.0000059455
0.0000059452
0.0000059449
0.0000059447
0.0000059444
0.0000059442
0.0000059439
0.0000059436
0.0000059434
0.0000059431
0.0000059429
0.0000059426
0.0000059424
0.0000059421
0.0000059418
0.0000059416
0.0000059413
0.0000059411
0.0000059408
0.0000059405
0.0000059403
0.0000059400
0.0000059398
0.0000059395
0.0000059392
0.0000059390
0.0000059387
0.0000059385
0.0000059382
0.0000059379
0.0000059377
0.0000059374
0.0000059372
0.0000059369
0.0000059367
0.0000059364
0.0000059361
0.0000059359
0.0000059356
0.0000059354
0.0000059351
0.0000059348
0.0000059346
0.0000059343
0.0000059341
0.0000059338
0.0000059335
0.0000059333
0.0000059330
0.0000059328
0.0000059325
0.0000059323
0.0000059320
0.0000059317
0.0000059315
0.0000059312
0.0000059310
0.0000059307
0.0000059305
0.0000059302
0.0000059299
0.0000059297
0.0000059294
0.0000059292
0.0000059289
0.0000059286
0.0000059284
0.0000059281
0.0000059279
0.0000059276
0.0000059274
0.0000059271
0.0000059268
0.0000059266
0.0000059263
0.0000059261
0.0000059258
0.0000059256
0.0000059253
0.0000059250
0.0000059248
0.0000059245
0.0000059243
0.0000059240
0.0000059238
0.0000059235
0.0000059232
0.0000059230
0.0000059227
0.0000059225
0.0000059222
0.0000059220
0.0000059217
0.0000059215
0.0000059212
0.0000059209
0.0000059207
0.0000059204
0.0000059202
0.0000059199
0.0000059197
0.0000059194
0.0000059191
0.0000059189
0.0000059186
0.0000059184
0.0000059181
0.0000059179
0.0000059176
0.0000059174
0.0000059171
0.0000059168
0.0000059166
0.0000059163
0.0000059161
0.0000059158
0.0000059156
0.0000059153
0.0000059151
0.0000059148
0.0000059145
0.0000059143
0.0000059140
0.0000059138
0.0000059135
0.0000059133
0.0000059130
0.0000059128
0.0000059125
0.0000059122
0.0000059120
0.0000059117
0.0000059115
0.0000059112
0.0000059110
0.0000059107
0.0000059105
0.0000059102
0.0000059099
0.0000059097
0.0000059094
0.0000059092
0.0000059089
0.0000059087
0.0000059084
0.0000059082
0.0000059079
0.0000059077
0.0000059074
0.0000059071
0.0000059069
0.0000059066
0.0000059064
0.0000059061
0.0000059059
0.0000059056
0.0000059054
0.0000059051
0.0000059049
0.0000059046
0.0000059043
0.0000059041
0.0000059038
0.0000059036
0.0000059033
0.0000059031
0.0000059028
0.0000059026
0.0000059023
0.0000059021
0.0000059018
0.0000059016
0.0000059013
0.0000059010
0.0000059008
0.0000059005
0.0000059003
0.0000059000
0.0000058998
0.0000058995
0.0000058993
0.0000058990
0.0000058988
0.0000058985
0.0000058983
0.0000058980
0.0000058977
0.0000058975
0.0000058972
0.0000058970
0.0000058967
0.0000058965
0.0000058962
0.0000058960
0.0000058957
0.0000058955
0.0000058952
0.0000058950
0.0000058947
0.0000058945
0.0000058942
0.0000058940
0.0000058937
0.0000058934
0.0000058932
0.0000058929
0.0000058927
0.0000058924
0.0000058922
0.0000058919
0.0000058917
0.0000058914
0.0000058912
0.0000058909
0.0000058907
0.0000058904
0.0000058902
0.0000058899
0.0000058897
0.0000058894
0.0000058892
0.0000058889
0.0000058887
0.0000058884
0.0000058882
0.0000058879
0.0000058876
0.0000058874
0.0000058871
0.0000058869
0.0000058866
0.0000058864
0.0000058861
0.0000058859
0.0000058856
0.0000058854
0.0000058851
0.0000058849
0.0000058846
0.0000058844
0.0000058841
0.0000058839
0.0000058836
0.0000058834
0.0000058831
0.0000058829
0.0000058826
0.0000058824
0.0000058821
0.0000058819
0.0000058816
0.0000058814
0.0000058811
0.0000058809
0.0000058806
0.0000058804
0.0000058801
0.0000058799
0.0000058796
0.0000058794
0.0000058791
0.0000058789
0.0000058786
0.0000058784
0.0000058781
0.0000058779
0.0000058776
0.0000058774
0.0000058771
0.0000058769
0.0000058766
0.0000058763
0.0000058761
0.0000058758
0.0000058756
0.0000058753
0.0000058751
0.0000058748
0.0000058746
0.0000058743
0.0000058741
0.0000058738
0.0000058736
0.0000058733
0.0000058731
0.0000058728
0.0000058726
0.0000058723
0.0000058721
0.0000058718
0.0000058716
0.0000058714
0.0000058711
0.0000058709
0.0000058706
0.0000058704
0.0000058701
0.0000058699
0.0000058696
0.0000058694
0.0000058691
0.0000058689
0.0000058686
0.0000058684
0.0000058681
0.0000058679
0.0000058676
0.0000058674
0.0000058671
0.0000058669
0.0000058666
0.0000058664
0.0000058661
0.0000058659
0.0000058656
0.0000058654
0.0000058651
0.0000058649
0.0000058646
0.0000058644
0.0000058641
0.0000058639
0.0000058636
0.0000058634
0.0000058631
0.0000058629
0.0000058626
0.0000058624
0.0000058621
0.0000058619
0.0000058616
0.0000058614
0.0000058611
0.0000058609
0.0000058606
0.0000058604
0.0000058601
0.0000058599
0.0000058597
0.0000058594
0.0000058592
0.0000058589
0.0000058587
0.0000058584
0.0000058582
0.0000058579
0.0000058577
0.0000058574
0.0000058572
0.0000058569
0.0000058567
0.0000058564
0.0000058562
0.0000058559
0.0000058557
0.0000058554
0.0000058552
0.0000058549
0.0000058547
0.0000058545
0.0000058542
0.0000058540
0.0000058537
0.0000058535
0.0000058532
0.0000058530
0.0000058527
0.0000058525
0.0000058522
0.0000058520
0.0000058517
0.0000058515
0.0000058512
0.0000058510
0.0000058507
0.0000058505
0.0000058502
0.0000058500
0.0000058498
0.0000058495
0.0000058493
0.0000058490
0.0000058488
0.0000058485
0.0000058483
0.0000058480
0.0000058478
0.0000058475
0.0000058473
0.0000058470
0.0000058468
0.0000058466
0.0000058463
0.0000058461
0.0000058458
0.0000058456
0.0000058453
0.0000058451
0.0000058448
0.0000058446
0.0000058443
0.0000058441
0.0000058438
0.0000058436
0.0000058434
0.0000058431
0.0000058429
0.0000058426
0.0000058424
0.0000058421
0.0000058419
0.0000058416
0.0000058414
0.0000058411
0.0000058409
0.0000058406
0.0000058404
0.0000058402
0.0000058399
0.0000058397
0.0000058394
0.0000058392
0.0000058389
0.0000058387
0.0000058384
0.0000058382
0.0000058379
0.0000058377
0.0000058375
0.0000058372
0.0000058370
0.0000058367
0.0000058365
0.0000058362
0.0000058360
0.0000058357
0.0000058355
0.0000058353
0.0000058350
0.0000058348
0.0000058345
0.0000058343
0.0000058340
0.0000058338
0.0000058335
0.0000058333
0.0000058330
0.0000058328
0.0000058326
0.0000058323
0.0000058321
0.0000058318
0.0000058316
0.0000058313
0.0000058311
0.0000058308
0.0000058306
0.0000058304
0.0000058301
0.0000058299
0.0000058296
0.0000058294
0.0000058291
0.0000058289
0.0000058287
0.0000058284
0.0000058282
0.0000058279
0.0000058277
0.0000058274
0.0000058272
0.0000058269
0.0000058267
0.0000058265
0.0000058262
0.0000058260
0.0000058257
0.0000058255
0.0000058252
0.0000058250
0.0000058247
0.0000058245
0.0000058243
0.0000058240
0.0000058238
0.0000058235
0.0000058233
0.0000058230
0.0000058228
0.0000058226
0.0000058223
0.0000058221
0.0000058218
0.0000058216
0.0000058213
0.0000058211
0.0000058209
0.0000058206
0.0000058204
0.0000058201
0.0000058199
0.0000058196
0.0000058194
0.0000058192
0.0000058189
0.0000058187
0.0000058184
0.0000058182
0.0000058179
0.0000058177
0.0000058175
0.0000058172
0.0000058170
0.0000058167
0.0000058165
0.0000058162
0.0000058160
0.0000058158
0.0000058155
0.0000058153
0.0000058150
0.0000058148
0.0000058145
0.0000058143
0.0000058141
0.0000058138
0.0000058136
0.0000058133
0.0000058131
0.0000058129
0.0000058126
0.0000058124
0.0000058121
0.0000058119
0.0000058116
0.0000058114
0.0000058112
0.0000058109
0.0000058107
0.0000058104
0.0000058102
0.0000058100
0.0000058097
0.0000058095
0.0000058092
0.0000058090
0.0000058087
0.0000058085
0.0000058083
0.0000058080
0.0000058078
0.0000058075
0.0000058073
0.0000058071
0.0000058068
0.0000058066
0.0000058063
0.0000058061
0.0000058058
0.0000058056
0.0000058054
0.0000058051
0.0000058049
0.0000058046
0.0000058044
0.0000058042
0.0000058039
0.0000058037
0.0000058034
0.0000058032
0.0000058030
0.0000058027
0.0000058025
0.0000058022
0.0000058020
0.0000058018
0.0000058015
0.0000058013
0.0000058010
0.0000058008
0.0000058005
0.0000058003
0.0000058001
0.0000057998
0.0000057996
0.0000057993
0.0000057991
0.0000057989
0.0000057986
0.0000057984
0.0000057981
0.0000057979
0.0000057977
0.0000057974
0.0000057972
0.0000057969
0.0000057967
0.0000057965
0.0000057962
0.0000057960
0.0000057957
0.0000057955
0.0000057953
0.0000057950
0.0000057948
0.0000057945
0.0000057943
0.0000057941
0.0000057938
0.0000057936
0.0000057933
0.0000057931
0.0000057929
0.0000057926
0.0000057924
0.0000057921
0.0000057919
0.0000057917
0.0000057914
0.0000057912
0.0000057910
0.0000057907
0.0000057905
0.0000057902
0.0000057900
0.0000057898
0.0000057895
0.0000057893
0.0000057890
0.0000057888
0.0000057886
0.0000057883
0.0000057881
0.0000057878
0.0000057876
0.0000057874
0.0000057871
0.0000057869
0.0000057866
0.0000057864
0.0000057862
0.0000057859
0.0000057857
0.0000057855
0.0000057852
0.0000057850
0.0000057847
0.0000057845
0.0000057843
0.0000057840
0.0000057838
0.0000057835
0.0000057833
0.0000057831
0.0000057828
0.0000057826
0.0000057824
0.0000057821
0.0000057819
0.0000057816
0.0000057814
0.0000057812
0.0000057809
0.0000057807
0.0000057805
0.0000057802
0.0000057800
0.0000057797
0.0000057795
0.0000057793
0.0000057790
0.0000057788
0.0000057785
0.0000057783
0.0000057781
0.0000057778
0.0000057776
0.0000057774
0.0000057771
0.0000057769
0.0000057766
0.0000057764
0.0000057762
0.0000057759
0.0000057757
0.0000057755
0.0000057752
0.0000057750
0.0000057747
0.0000057745
0.0000057743
0.0000057740
0.0000057738
0.0000057736
0.0000057733
0.0000057731
0.0000057729
0.0000057726
0.0000057724
0.0000057721
0.0000057719
0.0000057717
0.0000057714
0.0000057712
0.0000057710
0.0000057707
0.0000057705
0.0000057702
0.0000057700
0.0000057698
0.0000057695
0.0000057693
0.0000057691
0.0000057688
0.0000057686
0.0000057684
0.0000057681
0.0000057679
0.0000057676
0.0000057674
0.0000057672
0.0000057669
0.0000057667
0.0000057665
0.0000057662
0.0000057660
0.0000057658
0.0000057655
0.0000057653
0.0000057650
0.0000057648
0.0000057646
0.0000057643
0.0000057641
0.0000057639
0.0000057636
0.0000057634
0.0000057632
0.0000057629
0.0000057627
0.0000057624
0.0000057622
0.0000057620
0.0000057617
0.0000057615
0.0000057613
0.0000057610
0.0000057608
0.0000057606
0.0000057603
0.0000057601
0.0000057599
0.0000057596
0.0000057594
0.0000057591
0.0000057589
0.0000057587
0.0000057584
0.0000057582
0.0000057580
0.0000057577
0.0000057575
0.0000057573
0.0000057570
0.0000057568
0.0000057566
0.0000057563
0.0000057561
0.0000057559
0.0000057556
0.0000057554
0.0000057552
0.0000057549
0.0000057547
0.0000057544
0.0000057542
0.0000057540
0.0000057537
0.0000057535
0.0000057533
0.0000057530
0.0000057528
0.0000057526
0.0000057523
0.0000057521
0.0000057519
0.0000057516
0.0000057514
0.0000057512
0.0000057509
0.0000057507
0.0000057505
0.0000057502
0.0000057500
0.0000057498
0.0000057495
0.0000057493
0.0000057491
0.0000057488
0.0000057486
0.0000057483
0.0000057481
0.0000057479
0.0000057476
0.0000057474
0.0000057472
0.0000057469
0.0000057467
0.0000057465
0.0000057462
0.0000057460
0.0000057458
0.0000057455
0.0000057453
0.0000057451
0.0000057448
0.0000057446
0.0000057444
0.0000057441
0.0000057439
0.0000057437
0.0000057434
0.0000057432
0.0000057430
0.0000057427
0.0000057425
0.0000057423
0.0000057420
0.0000057418
0.0000057416
0.0000057413
0.0000057411
0.0000057409
0.0000057406
0.0000057404
0.0000057402
0.0000057399
0.0000057397
0.0000057395
0.0000057392
0.0000057390
0.0000057388
0.0000057385
0.0000057383
0.0000057381
0.0000057378
0.0000057376
0.0000057374
0.0000057371
0.0000057369
0.0000057367
0.0000057364
0.0000057362
0.0000057360
0.0000057357
0.0000057355
0.0000057353
0.0000057350
0.0000057348
0.0000057346
0.0000057344
0.0000057341
0.0000057339
0.0000057337
0.0000057334
0.0000057332
0.0000057330
0.0000057327
0.0000057325
0.0000057323
0.0000057320
0.0000057318
0.0000057316
0.0000057313
0.0000057311
0.0000057309
0.0000057306
0.0000057304
0.0000057302
0.0000057299
0.0000057297
0.0000057295
0.0000057292
0.0000057290
0.0000057288
0.0000057285
0.0000057283
0.0000057281
0.0000057279
0.0000057276
0.0000057274
0.0000057272
0.0000057269
0.0000057267
0.0000057265
0.0000057262
0.0000057260
0.0000057258
0.0000057255
0.0000057253
0.0000057251
0.0000057248
0.0000057246
0.0000057244
0.0000057241
0.0000057239
0.0000057237
0.0000057235
0.0000057232
0.0000057230
0.0000057228
0.0000057225
0.0000057223
0.0000057221
0.0000057218
0.0000057216
0.0000057214
0.0000057211
0.0000057209
0.0000057207
0.0000057205
0.0000057202
0.0000057200
0.0000057198
0.0000057195
0.0000057193
0.0000057191
0.0000057188
0.0000057186
0.0000057184
0.0000057181
0.0000057179
0.0000057177
0.0000057175
0.0000057172
0.0000057170
0.0000057168
0.0000057165
0.0000057163
0.0000057161
0.0000057158
0.0000057156
0.0000057154
0.0000057151
0.0000057149
0.0000057147
0.0000057145
0.0000057142
0.0000057140
0.0000057138
0.0000057135
0.0000057133
0.0000057131
0.0000057128
0.0000057126
0.0000057124
0.0000057122
0.0000057119
0.0000057117
0.0000057115
0.0000057112
0.0000057110
0.0000057108
0.0000057105
0.0000057103
0.0000057101
0.0000057099
0.0000057096
0.0000057094
0.0000057092
0.0000057089
0.0000057087
0.0000057085
0.0000057083
0.0000057080
0.0000057078
0.0000057076
0.0000057073
0.0000057071
0.0000057069
0.0000057066
0.0000057064
0.0000057062
0.0000057060
0.0000057057
0.0000057055
0.0000057053
0.0000057050
0.0000057048
0.0000057046
0.0000057044
0.0000057041
0.0000057039
0.0000057037
0.0000057034
0.0000057032
0.0000057030
0.0000057028
0.0000057025
0.0000057023
0.0000057021
0.0000057018
0.0000057016
0.0000057014
0.0000057012
0.0000057009
0.0000057007
0.0000057005
0.0000057002
0.0000057000
0.0000056998
0.0000056996
0.0000056993
0.0000056991
0.0000056989
0.0000056986
0.0000056984
0.0000056982
0.0000056980
0.0000056977
0.0000056975
0.0000056973
0.0000056970
0.0000056968
0.0000056966
0.0000056964
0.0000056961
0.0000056959
0.0000056957
0.0000056954
0.0000056952
0.0000056950
0.0000056948
0.0000056945
0.0000056943
0.0000056941
0.0000056939
0.0000056936
0.0000056934
0.0000056932
0.0000056929
0.0000056927
0.0000056925
0.0000056923
0.0000056920
0.0000056918
0.0000056916
0.0000056913
0.0000056911
0.0000056909
0.0000056907
0.0000056904
0.0000056902
0.0000056900
0.0000056898
0.0000056895
0.0000056893
0.0000056891
0.0000056888
0.0000056886
0.0000056884
0.0000056882
0.0000056879
0.0000056877
0.0000056875
0.0000056873
0.0000056870
0.0000056868
0.0000056866
0.0000056863
0.0000056861
0.0000056859
0.0000056857
0.0000056854
0.0000056852
0.0000056850
0.0000056848
0.0000056845
0.0000056843
0.0000056841
0.0000056839
0.0000056836
0.0000056834
0.0000056832
0.0000056829
0.0000056827
0.0000056825
0.0000056823
0.0000056820
0.0000056818
0.0000056816
0.0000056814
0.0000056811
0.0000056809
0.0000056807
0.0000056805
0.0000056802
0.0000056800
0.0000056798
0.0000056796
0.0000056793
0.0000056791
0.0000056789
0.0000056786
0.0000056784
0.0000056782
0.0000056780
0.0000056777
0.0000056775
0.0000056773
0.0000056771
0.0000056768
0.0000056766
0.0000056764
0.0000056762
0.0000056759
0.0000056757
0.0000056755
0.0000056753
0.0000056750
0.0000056748
0.0000056746
0.0000056744
0.0000056741
0.0000056739
0.0000056737
0.0000056735
0.0000056732
0.0000056730
0.0000056728
0.0000056726
0.0000056723
0.0000056721
0.0000056719
0.0000056716
0.0000056714
0.0000056712
0.0000056710
0.0000056707
0.0000056705
0.0000056703
0.0000056701
0.0000056698
0.0000056696
0.0000056694
0.0000056692
0.0000056689
0.0000056687
0.0000056685
0.0000056683
0.0000056680
0.0000056678
0.0000056676
0.0000056674
0.0000056671
0.0000056669
0.0000056667
0.0000056665
0.0000056662
0.0000056660
0.0000056658
0.0000056656
0.0000056654
0.0000056651
0.0000056649
0.0000056647
0.0000056645
0.0000056642
0.0000056640
0.0000056638
0.0000056636
0.0000056633
0.0000056631
0.0000056629
0.0000056627
0.0000056624
0.0000056622
0.0000056620
0.0000056618
0.0000056615
0.0000056613
0.0000056611
0.0000056609
0.0000056606
0.0000056604
0.0000056602
0.0000056600
0.0000056597
0.0000056595
0.0000056593
0.0000056591
0.0000056588
0.0000056586
0.0000056584
0.0000056582
0.0000056580
0.0000056577
0.0000056575
0.0000056573
0.0000056571
0.0000056568
0.0000056566
0.0000056564
0.0000056562
0.0000056559
0.0000056557
0.0000056555
0.0000056553
0.0000056550
0.0000056548
0.0000056546
0.0000056544
0.0000056542
0.0000056539
0.0000056537
0.0000056535
0.0000056533
0.0000056530
0.0000056528
0.0000056526
0.0000056524
0.0000056521
0.0000056519
0.0000056517
0.0000056515
0.0000056512
0.0000056510
0.0000056508
0.0000056506
0.0000056504
0.0000056501
0.0000056499
0.0000056497
0.0000056495
0.0000056492
0.0000056490
0.0000056488
0.0000056486
0.0000056484
0.0000056481
0.0000056479
0.0000056477
0.0000056475
0.0000056472
0.0000056470
0.0000056468
0.0000056466
0.0000056463
0.0000056461
0.0000056459
0.0000056457
0.0000056455
0.0000056452
0.0000056450
0.0000056448
0.0000056446
0.0000056443
0.0000056441
0.0000056439
0.0000056437
0.0000056435
0.0000056432
0.0000056430
0.0000056428
0.0000056426
0.0000056423
0.0000056421
0.0000056419
0.0000056417
0.0000056415
0.0000056412
0.0000056410
0.0000056408
0.0000056406
0.0000056403
0.0000056401
0.0000056399
0.0000056397
0.0000056395
0.0000056392
0.0000056390
0.0000056388
0.0000056386
0.0000056384
0.0000056381
0.0000056379
0.0000056377
0.0000056375
0.0000056372
0.0000056370
0.0000056368
0.0000056366
0.0000056364
0.0000056361
0.0000056359
0.0000056357
0.0000056355
0.0000056353
0.0000056350
0.0000056348
0.0000056346
0.0000056344
0.0000056341
0.0000056339
0.0000056337
0.0000056335
0.0000056333
0.0000056330
0.0000056328
0.0000056326
0.0000056324
0.0000056322
0.0000056319
0.0000056317
0.0000056315
0.0000056313
0.0000056310
0.0000056308
0.0000056306
0.0000056304
0.0000056302
0.0000056299
0.0000056297
0.0000056295
0.0000056293
0.0000056291
0.0000056288
0.0000056286
0.0000056284
0.0000056282
0.0000056280
0.0000056277
0.0000056275
0.0000056273
0.0000056271
0.0000056269
0.0000056266
0.0000056264
0.0000056262
0.0000056260
0.0000056258
0.0000056255
0.0000056253
0.0000056251
0.0000056249
0.0000056247
0.0000056244
0.0000056242
0.0000056240
0.0000056238
0.0000056236
0.0000056233
0.0000056231
0.0000056229
0.0000056227
0.0000056225
0.0000056222
0.0000056220
0.0000056218
0.0000056216
0.0000056214
0.0000056211
0.0000056209
0.0000056207
0.0000056205
0.0000056203
0.0000056200
0.0000056198
0.0000056196
0.0000056194
0.0000056192
0.0000056189
0.0000056187
0.0000056185
0.0000056183
0.0000056181
0.0000056178
0.0000056176
0.0000056174
0.0000056172
0.0000056170
0.0000056167
0.0000056165
0.0000056163
0.0000056161
0.0000056159
0.0000056156
0.0000056154
0.0000056152
0.0000056150
0.0000056148
0.0000056145
0.0000056143
0.0000056141
0.0000056139
0.0000056137
0.0000056135
0.0000056132
0.0000056130
0.0000056128
0.0000056126
0.0000056124
0.0000056121
0.0000056119
0.0000056117
0.0000056115
0.0000056113
0.0000056110
0.0000056108
0.0000056106
0.0000056104
0.0000056102
0.0000056100
0.0000056097
0.0000056095
0.0000056093
0.0000056091
0.0000056089
0.0000056086
0.0000056084
0.0000056082
0.0000056080
0.0000056078
0.0000056075
0.0000056073
0.0000056071
0.0000056069
0.0000056067
0.0000056065
0.0000056062
0.0000056060
0.0000056058
0.0000056056
0.0000056054
0.0000056051
0.0000056049
0.0000056047
0.0000056045
0.0000056043
0.0000056041
0.0000056038
0.0000056036
0.0000056034
0.0000056032
0.0000056030
0.0000056027
0.0000056025
0.0000056023
0.0000056021
0.0000056019
0.0000056017
0.0000056014
0.0000056012
0.0000056010
0.0000056008
0.0000056006
0.0000056004
0.0000056001
0.0000055999
0.0000055997
0.0000055995
0.0000055993
0.0000055990
0.0000055988
0.0000055986
0.0000055984
0.0000055982
0.0000055980
0.0000055977
0.0000055975
0.0000055973
0.0000055971
0.0000055969
0.0000055967
0.0000055964
0.0000055962
0.0000055960
0.0000055958
0.0000055956
0.0000055954
0.0000055951
0.0000055949
0.0000055947
0.0000055945
0.0000055943
0.0000055941
0.0000055938
0.0000055936
0.0000055934
0.0000055932
0.0000055930
0.0000055928
0.0000055925
0.0000055923
0.0000055921
0.0000055919
0.0000055917
0.0000055915
0.0000055912
0.0000055910
0.0000055908
0.0000055906
0.0000055904
0.0000055902
0.0000055899
0.0000055897
0.0000055895
0.0000055893
0.0000055891
0.0000055889
0.0000055886
0.0000055884
0.0000055882
0.0000055880
0.0000055878
0.0000055876
0.0000055873
0.0000055871
0.0000055869
0.0000055867
0.0000055865
0.0000055863
0.0000055860
0.0000055858
0.0000055856
0.0000055854
0.0000055852
0.0000055850
0.0000055847
0.0000055845
0.0000055843
0.0000055841
0.0000055839
0.0000055837
0.0000055834
0.0000055832
0.0000055830
0.0000055828
0.0000055826
0.0000055824
0.0000055822
0.0000055819
0.0000055817
0.0000055815
0.0000055813
0.0000055811
0.0000055809
0.0000055806
0.0000055804
0.0000055802
0.0000055800
0.0000055798
0.0000055796
0.0000055793
0.0000055791
0.0000055789
0.0000055787
0.0000055785
0.0000055783
0.0000055781
0.0000055778
0.0000055776
0.0000055774
0.0000055772
0.0000055770
0.0000055768
0.0000055766
0.0000055763
0.0000055761
0.0000055759
0.0000055757
0.0000055755
0.0000055753
0.0000055750
0.0000055748
0.0000055746
0.0000055744
0.0000055742
0.0000055740
0.0000055738
0.0000055735
0.0000055733
0.0000055731
0.0000055729
0.0000055727
0.0000055725
0.0000055723
0.0000055720
0.0000055718
0.0000055716
0.0000055714
0.0000055712
0.0000055710
0.0000055707
0.0000055705
0.0000055703
0.0000055701
0.0000055699
0.0000055697
0.0000055695
0.0000055692
0.0000055690
0.0000055688
0.0000055686
0.0000055684
0.0000055682
0.0000055680
0.0000055677
0.0000055675
0.0000055673
0.0000055671
0.0000055669
0.0000055667
