0.0000034961
0.0000034960
0.0000034959
0.0000034958
0.0000034957
0.0000034956
0.0000034955
0.0000034954
0.0000034953
0.0000034952
0.0000034951
0.0000034950
0.0000034949
0.0000034948
0.0000034947
0.0000034947
0.0000034946
0.0000034945
0.0000034944
0.0000034943
0.0000034942
0.0000034941
0.0000034940
0.0000034939
0.0000034938
0.0000034937
0.0000034936
0.0000034935
0.0000034934
0.0000034933
0.0000034932
0.0000034931
0.0000034930
0.0000034929
0.0000034928
0.0000034927
0.0000034926
0.0000034925
0.0000034924
0.0000034923
0.0000034922
0.0000034921
0.0000034920
0.0000034919
0.0000034918
0.0000034917
0.0000034916
0.0000034915
0.0000034914
0.0000034914
0.0000034913
0.0000034912
0.0000034911
0.0000034910
0.0000034909
0.0000034908
0.0000034907
0.0000034906
0.0000034905
0.0000034904
0.0000034903
0.0000034902
0.0000034901
0.0000034900
0.0000034899
0.0000034898
0.0000034897
0.0000034896
0.0000034895
0.0000034894
0.0000034893
0.0000034892
0.0000034891
0.0000034890
0.0000034889
0.0000034888
0.0000034887
0.0000034886
0.0000034885
0.0000034884
0.0000034883
0.0000034882
0.0000034882
0.0000034881
0.0000034880
0.0000034879
0.0000034878
0.0000034877
0.0000034876
0.0000034875
0.0000034874
0.0000034873
0.0000034872
0.0000034871
0.0000034870
0.0000034869
0.0000034868
0.0000034867
0.0000034866
0.0000034865
0.0000034864
0.0000034863
0.0000034862
0.0000034861
0.0000034860
0.0000034859
0.0000034858
0.0000034857
0.0000034856
0.0000034855
0.0000034854
0.0000034853
0.0000034852
0.0000034851
0.0000034851
0.0000034850
0.0000034849
0.0000034848
0.0000034847
0.0000034846
0.0000034845
0.0000034844
0.0000034843
0.0000034842
0.0000034841
0.0000034840
0.0000034839
0.0000034838
0.0000034837
0.0000034836
0.0000034835
0.0000034834
0.0000034833
0.0000034832
0.0000034831
0.0000034830
0.0000034829
0.0000034828
0.0000034827
0.0000034826
0.0000034825
0.0000034824
0.0000034823
0.0000034822
0.0000034822
0.0000034821
0.0000034820
0.0000034819
0.0000034818
0.0000034817
0.0000034816
0.0000034815
0.0000034814
0.0000034813
0.0000034812
0.0000034811
0.0000034810
0.0000034809
0.0000034808
0.0000034807
0.0000034806
0.0000034805
0.0000034804
0.0000034803
0.0000034802
0.0000034801
0.0000034800
0.0000034799
0.0000034798
0.0000034797
0.0000034796
0.0000034795
0.0000034794
0.0000034793
0.0000034793
0.0000034792
0.0000034791
0.0000034790
0.0000034789
0.0000034788
0.0000034787
0.0000034786
0.0000034785
0.0000034784
0.0000034783
0.0000034782
0.0000034781
0.0000034780
0.0000034779
0.0000034778
0.0000034777
0.0000034776
0.0000034775
0.0000034774
0.0000034773
0.0000034772
0.0000034771
0.0000034770
0.0000034769
0.0000034768
0.0000034767
0.0000034766
0.0000034765
0.0000034765
0.0000034764
0.0000034763
0.0000034762
0.0000034761
0.0000034760
0.0000034759
0.0000034758
0.0000034757
0.0000034756
0.0000034755
0.0000034754
0.0000034753
0.0000034752
0.0000034751
0.0000034750
0.0000034749
0.0000034748
0.0000034747
0.0000034746
0.0000034745
0.0000034744
0.0000034743
0.0000034742
0.0000034741
0.0000034740
0.0000034739
0.0000034738
0.0000034738
0.0000034737
0.0000034736
0.0000034735
0.0000034734
0.0000034733
0.0000034732
0.0000034731
0.0000034730
0.0000034729
0.0000034728
0.0000034727
0.0000034726
0.0000034725
0.0000034724
0.0000034723
0.0000034722
0.0000034721
0.0000034720
0.0000034719
0.0000034718
0.0000034717
0.0000034716
0.0000034715
0.0000034714
0.0000034713
0.0000034712
0.0000034711
0.0000034711
0.0000034710
0.0000034709
0.0000034708
0.0000034707
0.0000034706
0.0000034705
0.0000034704
0.0000034703
0.0000034702
0.0000034701
0.0000034700
0.0000034699
0.0000034698
0.0000034697
0.0000034696
0.0000034695
0.0000034694
0.0000034693
0.0000034692
0.0000034691
0.0000034690
0.0000034689
0.0000034688
0.0000034687
0.0000034686
0.0000034685
0.0000034685
0.0000034684
0.0000034683
0.0000034682
0.0000034681
0.0000034680
0.0000034679
0.0000034678
0.0000034677
0.0000034676
0.0000034675
0.0000034674
0.0000034673
0.0000034672
0.0000034671
0.0000034670
0.0000034669
0.0000034668
0.0000034667
0.0000034666
0.0000034665
0.0000034664
0.0000034663
0.0000034662
0.0000034661
0.0000034660
0.0000034660
0.0000034659
0.0000034658
0.0000034657
0.0000034656
0.0000034655
0.0000034654
0.0000034653
0.0000034652
0.0000034651
0.0000034650
0.0000034649
0.0000034648
0.0000034647
0.0000034646
0.0000034645
0.0000034644
0.0000034643
0.0000034642
0.0000034641
0.0000034640
0.0000034639
0.0000034638
0.0000034637
0.0000034636
0.0000034636
0.0000034635
0.0000034634
0.0000034633
0.0000034632
0.0000034631
0.0000034630
0.0000034629
0.0000034628
0.0000034627
0.0000034626
0.0000034625
0.0000034624
0.0000034623
0.0000034622
0.0000034621
0.0000034620
0.0000034619
0.0000034618
0.0000034617
0.0000034616
0.0000034615
0.0000034614
0.0000034613
0.0000034612
0.0000034611
0.0000034611
0.0000034610
0.0000034609
0.0000034608
0.0000034607
0.0000034606
0.0000034605
0.0000034604
0.0000034603
0.0000034602
0.0000034601
0.0000034600
0.0000034599
0.0000034598
0.0000034597
0.0000034596
0.0000034595
0.0000034594
0.0000034593
0.0000034592
0.0000034591
0.0000034590
0.0000034589
0.0000034588
0.0000034588
0.0000034587
0.0000034586
0.0000034585
0.0000034584
0.0000034583
0.0000034582
0.0000034581
0.0000034580
0.0000034579
0.0000034578
0.0000034577
0.0000034576
0.0000034575
0.0000034574
0.0000034573
0.0000034572
0.0000034571
0.0000034570
0.0000034569
0.0000034568
0.0000034567
0.0000034566
0.0000034565
0.0000034565
0.0000034564
0.0000034563
0.0000034562
0.0000034561
0.0000034560
0.0000034559
0.0000034558
0.0000034557
0.0000034556
0.0000034555
0.0000034554
0.0000034553
0.0000034552
0.0000034551
0.0000034550
0.0000034549
0.0000034548
0.0000034547
0.0000034546
0.0000034545
0.0000034544
0.0000034543
0.0000034542
0.0000034542
0.0000034541
0.0000034540
0.0000034539
0.0000034538
0.0000034537
0.0000034536
0.0000034535
0.0000034534
0.0000034533
0.0000034532
0.0000034531
0.0000034530
0.0000034529
0.0000034528
0.0000034527
0.0000034526
0.0000034525
0.0000034524
0.0000034523
0.0000034522
0.0000034521
0.0000034520
0.0000034520
0.0000034519
0.0000034518
0.0000034517
0.0000034516
0.0000034515
0.0000034514
0.0000034513
0.0000034512
0.0000034511
0.0000034510
0.0000034509
0.0000034508
0.0000034507
0.0000034506
0.0000034505
0.0000034504
0.0000034503
0.0000034502
0.0000034501
0.0000034500
0.0000034499
0.0000034498
0.0000034498
0.0000034497
0.0000034496
0.0000034495
0.0000034494
0.0000034493
0.0000034492
0.0000034491
0.0000034490
0.0000034489
0.0000034488
0.0000034487
0.0000034486
0.0000034485
0.0000034484
0.0000034483
0.0000034482
0.0000034481
0.0000034480
0.0000034479
0.0000034478
0.0000034477
0.0000034477
0.0000034476
0.0000034475
0.0000034474
0.0000034473
0.0000034472
0.0000034471
0.0000034470
0.0000034469
0.0000034468
0.0000034467
0.0000034466
0.0000034465
0.0000034464
0.0000034463
0.0000034462
0.0000034461
0.0000034460
0.0000034459
0.0000034458
0.0000034457
0.0000034456
0.0000034456
0.0000034455
0.0000034454
0.0000034453
0.0000034452
0.0000034451
0.0000034450
0.0000034449
0.0000034448
0.0000034447
0.0000034446
0.0000034445
0.0000034444
0.0000034443
0.0000034442
0.0000034441
0.0000034440
0.0000034439
0.0000034438
0.0000034437
0.0000034436
0.0000034435
0.0000034435
0.0000034434
0.0000034433
0.0000034432
0.0000034431
0.0000034430
0.0000034429
0.0000034428
0.0000034427
0.0000034426
0.0000034425
0.0000034424
0.0000034423
0.0000034422
0.0000034421
0.0000034420
0.0000034419
0.0000034418
0.0000034417
0.0000034416
0.0000034415
0.0000034414
0.0000034414
0.0000034413
0.0000034412
0.0000034411
0.0000034410
0.0000034409
0.0000034408
0.0000034407
0.0000034406
0.0000034405
0.0000034404
0.0000034403
0.0000034402
0.0000034401
0.0000034400
0.0000034399
0.0000034398
0.0000034397
0.0000034396
0.0000034395
0.0000034394
0.0000034394
0.0000034393
0.0000034392
0.0000034391
0.0000034390
0.0000034389
0.0000034388
0.0000034387
0.0000034386
0.0000034385
0.0000034384
0.0000034383
0.0000034382
0.0000034381
0.0000034380
0.0000034379
0.0000034378
0.0000034377
0.0000034376
0.0000034375
0.0000034374
0.0000034374
0.0000034373
0.0000034372
0.0000034371
0.0000034370
0.0000034369
0.0000034368
0.0000034367
0.0000034366
0.0000034365
0.0000034364
0.0000034363
0.0000034362
0.0000034361
0.0000034360
0.0000034359
0.0000034358
0.0000034357
0.0000034356
0.0000034355
0.0000034355
0.0000034354
0.0000034353
0.0000034352
0.0000034351
0.0000034350
0.0000034349
0.0000034348
0.0000034347
0.0000034346
0.0000034345
0.0000034344
0.0000034343
0.0000034342
0.0000034341
0.0000034340
0.0000034339
0.0000034338
0.0000034337
0.0000034336
0.0000034336
0.0000034335
0.0000034334
0.0000034333
0.0000034332
0.0000034331
0.0000034330
0.0000034329
0.0000034328
0.0000034327
0.0000034326
0.0000034325
0.0000034324
0.0000034323
0.0000034322
0.0000034321
0.0000034320
0.0000034319
0.0000034318
0.0000034317
0.0000034317
0.0000034316
0.0000034315
0.0000034314
0.0000034313
0.0000034312
0.0000034311
0.0000034310
0.0000034309
0.0000034308
0.0000034307
0.0000034306
0.0000034305
0.0000034304
0.0000034303
0.0000034302
0.0000034301
0.0000034300
0.0000034299
0.0000034298
0.0000034298
0.0000034297
0.0000034296
0.0000034295
0.0000034294
0.0000034293
0.0000034292
0.0000034291
0.0000034290
0.0000034289
0.0000034288
0.0000034287
0.0000034286
0.0000034285
0.0000034284
0.0000034283
0.0000034282
0.0000034281
0.0000034280
0.0000034280
0.0000034279
0.0000034278
0.0000034277
0.0000034276
0.0000034275
0.0000034274
0.0000034273
0.0000034272
0.0000034271
0.0000034270
0.0000034269
0.0000034268
0.0000034267
0.0000034266
0.0000034265
0.0000034264
0.0000034263
0.0000034262
0.0000034261
0.0000034261
0.0000034260
0.0000034259
0.0000034258
0.0000034257
0.0000034256
0.0000034255
0.0000034254
0.0000034253
0.0000034252
0.0000034251
0.0000034250
0.0000034249
0.0000034248
0.0000034247
0.0000034246
0.0000034245
0.0000034244
0.0000034243
0.0000034243
0.0000034242
0.0000034241
0.0000034240
0.0000034239
0.0000034238
0.0000034237
0.0000034236
0.0000034235
0.0000034234
0.0000034233
0.0000034232
0.0000034231
0.0000034230
0.0000034229
0.0000034228
0.0000034227
0.0000034226
0.0000034225
0.0000034225
0.0000034224
0.0000034223
0.0000034222
0.0000034221
0.0000034220
0.0000034219
0.0000034218
0.0000034217
0.0000034216
0.0000034215
0.0000034214
0.0000034213
0.0000034212
0.0000034211
0.0000034210
0.0000034209
0.0000034208
0.0000034208
0.0000034207
0.0000034206
0.0000034205
0.0000034204
0.0000034203
0.0000034202
0.0000034201
0.0000034200
0.0000034199
0.0000034198
0.0000034197
0.0000034196
0.0000034195
0.0000034194
0.0000034193
0.0000034192
0.0000034191
0.0000034191
0.0000034190
0.0000034189
0.0000034188
0.0000034187
0.0000034186
0.0000034185
0.0000034184
0.0000034183
0.0000034182
0.0000034181
0.0000034180
0.0000034179
0.0000034178
0.0000034177
0.0000034176
0.0000034175
0.0000034174
0.0000034173
0.0000034173
0.0000034172
0.0000034171
0.0000034170
0.0000034169
0.0000034168
0.0000034167
0.0000034166
0.0000034165
0.0000034164
0.0000034163
0.0000034162
0.0000034161
0.0000034160
0.0000034159
0.0000034158
0.0000034157
0.0000034156
0.0000034156
0.0000034155
0.0000034154
0.0000034153
0.0000034152
0.0000034151
0.0000034150
0.0000034149
0.0000034148
0.0000034147
0.0000034146
0.0000034145
0.0000034144
0.0000034143
0.0000034142
0.0000034141
0.0000034140
0.0000034140
0.0000034139
0.0000034138
0.0000034137
0.0000034136
0.0000034135
0.0000034134
0.0000034133
0.0000034132
0.0000034131
0.0000034130
0.0000034129
0.0000034128
0.0000034127
0.0000034126
0.0000034125
0.0000034124
0.0000034123
0.0000034123
0.0000034122
0.0000034121
0.0000034120
0.0000034119
0.0000034118
0.0000034117
0.0000034116
0.0000034115
0.0000034114
0.0000034113
0.0000034112
0.0000034111
0.0000034110
0.0000034109
0.0000034108
0.0000034107
0.0000034106
0.0000034106
0.0000034105
0.0000034104
0.0000034103
0.0000034102
0.0000034101
0.0000034100
0.0000034099
0.0000034098
0.0000034097
0.0000034096
0.0000034095
0.0000034094
0.0000034093
0.0000034092
0.0000034091
0.0000034090
0.0000034090
0.0000034089
0.0000034088
0.0000034087
0.0000034086
0.0000034085
0.0000034084
0.0000034083
0.0000034082
0.0000034081
0.0000034080
0.0000034079
0.0000034078
0.0000034077
0.0000034076
0.0000034075
0.0000034074
0.0000034074
0.0000034073
0.0000034072
0.0000034071
0.0000034070
0.0000034069
0.0000034068
0.0000034067
0.0000034066
0.0000034065
0.0000034064
0.0000034063
0.0000034062
0.0000034061
0.0000034060
0.0000034059
0.0000034058
0.0000034058
0.0000034057
0.0000034056
0.0000034055
0.0000034054
0.0000034053
0.0000034052
0.0000034051
0.0000034050
0.0000034049
0.0000034048
0.0000034047
0.0000034046
0.0000034045
0.0000034044
0.0000034043
0.0000034042
0.0000034042
0.0000034041
0.0000034040
0.0000034039
0.0000034038
0.0000034037
0.0000034036
0.0000034035
0.0000034034
0.0000034033
0.0000034032
0.0000034031
0.0000034030
0.0000034029
0.0000034028
0.0000034027
0.0000034026
0.0000034026
0.0000034025
0.0000034024
0.0000034023
0.0000034022
0.0000034021
0.0000034020
0.0000034019
0.0000034018
0.0000034017
0.0000034016
0.0000034015
0.0000034014
0.0000034013
0.0000034012
0.0000034011
0.0000034011
0.0000034010
0.0000034009
0.0000034008
0.0000034007
0.0000034006
0.0000034005
0.0000034004
0.0000034003
0.0000034002
0.0000034001
0.0000034000
0.0000033999
0.0000033998
0.0000033997
0.0000033996
0.0000033996
0.0000033995
0.0000033994
0.0000033993
0.0000033992
0.0000033991
0.0000033990
0.0000033989
0.0000033988
0.0000033987
0.0000033986
0.0000033985
0.0000033984
0.0000033983
0.0000033982
0.0000033981
0.0000033980
0.0000033980
0.0000033979
0.0000033978
0.0000033977
0.0000033976
0.0000033975
0.0000033974
0.0000033973
0.0000033972
0.0000033971
0.0000033970
0.0000033969
0.0000033968
0.0000033967
0.0000033966
0.0000033965
0.0000033965
0.0000033964
0.0000033963
0.0000033962
0.0000033961
0.0000033960
0.0000033959
0.0000033958
0.0000033957
0.0000033956
0.0000033955
0.0000033954
0.0000033953
0.0000033952
0.0000033951
0.0000033950
0.0000033950
0.0000033949
0.0000033948
0.0000033947
0.0000033946
0.0000033945
0.0000033944
0.0000033943
0.0000033942
0.0000033941
0.0000033940
0.0000033939
0.0000033938
0.0000033937
0.0000033936
0.0000033935
0.0000033935
0.0000033934
0.0000033933
0.0000033932
0.0000033931
0.0000033930
0.0000033929
0.0000033928
0.0000033927
0.0000033926
0.0000033925
0.0000033924
0.0000033923
0.0000033922
0.0000033921
0.0000033921
0.0000033920
0.0000033919
0.0000033918
0.0000033917
0.0000033916
0.0000033915
0.0000033914
0.0000033913
0.0000033912
0.0000033911
0.0000033910
0.0000033909
0.0000033908
0.0000033907
0.0000033906
0.0000033906
0.0000033905
0.0000033904
0.0000033903
0.0000033902
0.0000033901
0.0000033900
0.0000033899
0.0000033898
0.0000033897
0.0000033896
0.0000033895
0.0000033894
0.0000033893
0.0000033892
0.0000033892
0.0000033891
0.0000033890
0.0000033889
0.0000033888
0.0000033887
0.0000033886
0.0000033885
0.0000033884
0.0000033883
0.0000033882
0.0000033881
0.0000033880
0.0000033879
0.0000033878
0.0000033877
0.0000033877
0.0000033876
0.0000033875
0.0000033874
0.0000033873
0.0000033872
0.0000033871
0.0000033870
0.0000033869
0.0000033868
0.0000033867
0.0000033866
0.0000033865
0.0000033864
0.0000033863
0.0000033863
0.0000033862
0.0000033861
0.0000033860
0.0000033859
0.0000033858
0.0000033857
0.0000033856
0.0000033855
0.0000033854
0.0000033853
0.0000033852
0.0000033851
0.0000033850
0.0000033849
0.0000033849
0.0000033848
0.0000033847
0.0000033846
0.0000033845
0.0000033844
0.0000033843
0.0000033842
0.0000033841
0.0000033840
0.0000033839
0.0000033838
0.0000033837
0.0000033836
0.0000033835
0.0000033835
0.0000033834
0.0000033833
0.0000033832
0.0000033831
0.0000033830
0.0000033829
0.0000033828
0.0000033827
0.0000033826
0.0000033825
0.0000033824
0.0000033823
0.0000033822
0.0000033821
0.0000033821
0.0000033820
0.0000033819
0.0000033818
0.0000033817
0.0000033816
0.0000033815
0.0000033814
0.0000033813
0.0000033812
0.0000033811
0.0000033810
0.0000033809
0.0000033808
0.0000033807
0.0000033807
0.0000033806
0.0000033805
0.0000033804
0.0000033803
0.0000033802
0.0000033801
0.0000033800
0.0000033799
0.0000033798
0.0000033797
0.0000033796
0.0000033795
0.0000033794
0.0000033793
0.0000033793
0.0000033792
0.0000033791
0.0000033790
0.0000033789
0.0000033788
0.0000033787
0.0000033786
0.0000033785
0.0000033784
0.0000033783
0.0000033782
0.0000033781
0.0000033780
0.0000033780
0.0000033779
0.0000033778
0.0000033777
0.0000033776
0.0000033775
0.0000033774
0.0000033773
0.0000033772
0.0000033771
0.0000033770
0.0000033769
0.0000033768
0.0000033767
0.0000033766
0.0000033766
0.0000033765
0.0000033764
0.0000033763
0.0000033762
0.0000033761
0.0000033760
0.0000033759
0.0000033758
0.0000033757
0.0000033756
0.0000033755
0.0000033754
0.0000033753
0.0000033753
0.0000033752
0.0000033751
0.0000033750
0.0000033749
0.0000033748
0.0000033747
0.0000033746
0.0000033745
0.0000033744
0.0000033743
0.0000033742
0.0000033741
0.0000033740
0.0000033739
0.0000033739
0.0000033738
0.0000033737
0.0000033736
0.0000033735
0.0000033734
0.0000033733
0.0000033732
0.0000033731
0.0000033730
0.0000033729
0.0000033728
0.0000033727
0.0000033726
0.0000033726
0.0000033725
0.0000033724
0.0000033723
0.0000033722
0.0000033721
0.0000033720
0.0000033719
0.0000033718
0.0000033717
0.0000033716
0.0000033715
0.0000033714
0.0000033713
0.0000033713
0.0000033712
0.0000033711
0.0000033710
0.0000033709
0.0000033708
0.0000033707
0.0000033706
0.0000033705
0.0000033704
0.0000033703
0.0000033702
0.0000033701
0.0000033700
0.0000033700
0.0000033699
0.0000033698
0.0000033697
0.0000033696
0.0000033695
0.0000033694
0.0000033693
0.0000033692
0.0000033691
0.0000033690
0.0000033689
0.0000033688
0.0000033687
0.0000033687
0.0000033686
0.0000033685
0.0000033684
0.0000033683
0.0000033682
0.0000033681
0.0000033680
0.0000033679
0.0000033678
0.0000033677
0.0000033676
0.0000033675
0.0000033674
0.0000033674
0.0000033673
0.0000033672
0.0000033671
0.0000033670
0.0000033669
0.0000033668
0.0000033667
0.0000033666
0.0000033665
0.0000033664
0.0000033663
0.0000033662
0.0000033661
0.0000033661
0.0000033660
0.0000033659
0.0000033658
0.0000033657
0.0000033656
0.0000033655
0.0000033654
0.0000033653
0.0000033652
0.0000033651
0.0000033650
0.0000033649
0.0000033648
0.0000033648
0.0000033647
0.0000033646
0.0000033645
0.0000033644
0.0000033643
0.0000033642
0.0000033641
0.0000033640
0.0000033639
0.0000033638
0.0000033637
0.0000033636
0.0000033636
0.0000033635
0.0000033634
0.0000033633
0.0000033632
0.0000033631
0.0000033630
0.0000033629
0.0000033628
0.0000033627
0.0000033626
0.0000033625
0.0000033624
0.0000033623
0.0000033623
0.0000033622
0.0000033621
0.0000033620
0.0000033619
0.0000033618
0.0000033617
0.0000033616
0.0000033615
0.0000033614
0.0000033613
0.0000033612
0.0000033611
0.0000033611
0.0000033610
0.0000033609
0.0000033608
0.0000033607
0.0000033606
0.0000033605
0.0000033604
0.0000033603
0.0000033602
0.0000033601
0.0000033600
0.0000033599
0.0000033598
0.0000033598
0.0000033597
0.0000033596
0.0000033595
0.0000033594
0.0000033593
0.0000033592
0.0000033591
0.0000033590
0.0000033589
0.0000033588
0.0000033587
0.0000033586
0.0000033586
0.0000033585
0.0000033584
0.0000033583
0.0000033582
0.0000033581
0.0000033580
0.0000033579
0.0000033578
0.0000033577
0.0000033576
0.0000033575
0.0000033574
0.0000033574
0.0000033573
0.0000033572
0.0000033571
0.0000033570
0.0000033569
0.0000033568
0.0000033567
0.0000033566
0.0000033565
0.0000033564
0.0000033563
0.0000033562
0.0000033561
0.0000033561
0.0000033560
0.0000033559
0.0000033558
0.0000033557
0.0000033556
0.0000033555
0.0000033554
0.0000033553
0.0000033552
0.0000033551
0.0000033550
0.0000033549
0.0000033549
0.0000033548
0.0000033547
0.0000033546
0.0000033545
0.0000033544
0.0000033543
0.0000033542
0.0000033541
0.0000033540
0.0000033539
0.0000033538
0.0000033537
0.0000033537
0.0000033536
0.0000033535
0.0000033534
0.0000033533
0.0000033532
0.0000033531
0.0000033530
0.0000033529
0.0000033528
0.0000033527
0.0000033526
0.0000033525
0.0000033525
0.0000033524
0.0000033523
0.0000033522
0.0000033521
0.0000033520
0.0000033519
0.0000033518
0.0000033517
0.0000033516
0.0000033515
0.0000033514
0.0000033513
0.0000033513
0.0000033512
0.0000033511
0.0000033510
0.0000033509
0.0000033508
0.0000033507
0.0000033506
0.0000033505
0.0000033504
0.0000033503
0.0000033502
0.0000033501
0.0000033501
0.0000033500
0.0000033499
0.0000033498
0.0000033497
0.0000033496
0.0000033495
0.0000033494
0.0000033493
0.0000033492
0.0000033491
0.0000033490
0.0000033489
0.0000033489
0.0000033488
0.0000033487
0.0000033486
0.0000033485
0.0000033484
0.0000033483
0.0000033482
0.0000033481
0.0000033480
0.0000033479
0.0000033478
0.0000033478
0.0000033477
0.0000033476
0.0000033475
0.0000033474
0.0000033473
0.0000033472
0.0000033471
0.0000033470
0.0000033469
0.0000033468
0.0000033467
0.0000033466
0.0000033466
0.0000033465
0.0000033464
0.0000033463
0.0000033462
0.0000033461
0.0000033460
0.0000033459
0.0000033458
0.0000033457
0.0000033456
0.0000033455
0.0000033454
0.0000033454
0.0000033453
0.0000033452
0.0000033451
0.0000033450
0.0000033449
0.0000033448
0.0000033447
0.0000033446
0.0000033445
0.0000033444
0.0000033443
0.0000033443
0.0000033442
0.0000033441
0.0000033440
0.0000033439
0.0000033438
0.0000033437
0.0000033436
0.0000033435
0.0000033434
0.0000033433
0.0000033432
0.0000033431
0.0000033431
0.0000033430
0.0000033429
0.0000033428
0.0000033427
0.0000033426
0.0000033425
0.0000033424
0.0000033423
0.0000033422
0.0000033421
0.0000033420
0.0000033420
0.0000033419
0.0000033418
0.0000033417
0.0000033416
0.0000033415
0.0000033414
0.0000033413
0.0000033412
0.0000033411
0.0000033410
0.0000033409
0.0000033409
0.0000033408
0.0000033407
0.0000033406
0.0000033405
0.0000033404
0.0000033403
0.0000033402
0.0000033401
0.0000033400
0.0000033399
0.0000033398
0.0000033397
0.0000033397
0.0000033396
0.0000033395
0.0000033394
0.0000033393
0.0000033392
0.0000033391
0.0000033390
0.0000033389
0.0000033388
0.0000033387
0.0000033386
0.0000033386
0.0000033385
0.0000033384
0.0000033383
0.0000033382
0.0000033381
0.0000033380
0.0000033379
0.0000033378
0.0000033377
0.0000033376
0.0000033375
0.0000033375
0.0000033374
0.0000033373
0.0000033372
0.0000033371
0.0000033370
0.0000033369
0.0000033368
0.0000033367
0.0000033366
0.0000033365
0.0000033364
0.0000033364
0.0000033363
0.0000033362
0.0000033361
0.0000033360
0.0000033359
0.0000033358
0.0000033357
0.0000033356
0.0000033355
0.0000033354
0.0000033353
0.0000033353
0.0000033352
0.0000033351
0.0000033350
0.0000033349
0.0000033348
0.0000033347
0.0000033346
0.0000033345
0.0000033344
0.0000033343
0.0000033342
0.0000033342
0.0000033341
0.0000033340
0.0000033339
0.0000033338
0.0000033337
0.0000033336
0.0000033335
0.0000033334
0.0000033333
0.0000033332
0.0000033331
0.0000033331
0.0000033330
0.0000033329
0.0000033328
0.0000033327
0.0000033326
0.0000033325
0.0000033324
0.0000033323
0.0000033322
0.0000033321
0.0000033320
0.0000033320
0.0000033319
0.0000033318
0.0000033317
0.0000033316
0.0000033315
0.0000033314
0.0000033313
0.0000033312
0.0000033311
0.0000033310
0.0000033309
0.0000033309
0.0000033308
0.0000033307
0.0000033306
0.0000033305
0.0000033304
0.0000033303
0.0000033302
0.0000033301
0.0000033300
0.0000033299
0.0000033298
0.0000033298
0.0000033297
0.0000033296
0.0000033295
0.0000033294
0.0000033293
0.0000033292
0.0000033291
0.0000033290
0.0000033289
0.0000033288
0.0000033287
0.0000033287
0.0000033286
0.0000033285
0.0000033284
0.0000033283
0.0000033282
0.0000033281
0.0000033280
0.0000033279
0.0000033278
0.0000033277
0.0000033276
0.0000033276
0.0000033275
0.0000033274
0.0000033273
0.0000033272
0.0000033271
0.0000033270
0.0000033269
0.0000033268
0.0000033267
0.0000033266
0.0000033266
0.0000033265
0.0000033264
0.0000033263
0.0000033262
0.0000033261
0.0000033260
0.0000033259
0.0000033258
0.0000033257
0.0000033256
0.0000033255
0.0000033255
0.0000033254
0.0000033253
0.0000033252
0.0000033251
0.0000033250
0.0000033249
0.0000033248
0.0000033247
0.0000033246
0.0000033245
0.0000033244
0.0000033244
0.0000033243
0.0000033242
0.0000033241
0.0000033240
0.0000033239
0.0000033238
0.0000033237
0.0000033236
0.0000033235
0.0000033234
0.0000033234
0.0000033233
0.0000033232
0.0000033231
0.0000033230
0.0000033229
0.0000033228
0.0000033227
0.0000033226
0.0000033225
0.0000033224
0.0000033223
0.0000033223
0.0000033222
0.0000033221
0.0000033220
0.0000033219
0.0000033218
0.0000033217
0.0000033216
0.0000033215
0.0000033214
0.0000033213
0.0000033213
0.0000033212
0.0000033211
0.0000033210
0.0000033209
0.0000033208
0.0000033207
0.0000033206
0.0000033205
0.0000033204
0.0000033203
0.0000033203
0.0000033202
0.0000033201
0.0000033200
0.0000033199
0.0000033198
0.0000033197
0.0000033196
0.0000033195
0.0000033194
0.0000033193
0.0000033192
0.0000033192
0.0000033191
0.0000033190
0.0000033189
0.0000033188
0.0000033187
0.0000033186
0.0000033185
0.0000033184
0.0000033183
0.0000033182
0.0000033182
0.0000033181
0.0000033180
0.0000033179
0.0000033178
0.0000033177
0.0000033176
0.0000033175
0.0000033174
0.0000033173
0.0000033172
0.0000033172
0.0000033171
0.0000033170
0.0000033169
0.0000033168
0.0000033167
0.0000033166
0.0000033165
0.0000033164
0.0000033163
0.0000033162
0.0000033161
0.0000033161
0.0000033160
0.0000033159
0.0000033158
0.0000033157
0.0000033156
0.0000033155
0.0000033154
0.0000033153
0.0000033152
0.0000033151
0.0000033151
0.0000033150
0.0000033149
0.0000033148
0.0000033147
0.0000033146
0.0000033145
0.0000033144
0.0000033143
0.0000033142
0.0000033141
0.0000033141
0.0000033140
0.0000033139
0.0000033138
0.0000033137
0.0000033136
0.0000033135
0.0000033134
0.0000033133
0.0000033132
0.0000033131
0.0000033131
0.0000033130
0.0000033129
0.0000033128
0.0000033127
0.0000033126
0.0000033125
0.0000033124
0.0000033123
0.0000033122
0.0000033121
0.0000033121
0.0000033120
0.0000033119
0.0000033118
0.0000033117
0.0000033116
0.0000033115
0.0000033114
0.0000033113
0.0000033112
0.0000033111
0.0000033111
0.0000033110
0.0000033109
0.0000033108
0.0000033107
0.0000033106
0.0000033105
0.0000033104
0.0000033103
0.0000033102
0.0000033101
0.0000033101
0.0000033100
0.0000033099
0.0000033098
0.0000033097
0.0000033096
0.0000033095
0.0000033094
0.0000033093
0.0000033092
0.0000033091
0.0000033091
0.0000033090
0.0000033089
0.0000033088
0.0000033087
0.0000033086
0.0000033085
0.0000033084
0.0000033083
0.0000033082
0.0000033081
0.0000033081
0.0000033080
0.0000033079
0.0000033078
0.0000033077
0.0000033076
0.0000033075
0.0000033074
0.0000033073
0.0000033072
0.0000033071
0.0000033071
0.0000033070
0.0000033069
0.0000033068
0.0000033067
0.0000033066
0.0000033065
0.0000033064
0.0000033063
0.0000033062
0.0000033061
0.0000033061
0.0000033060
0.0000033059
0.0000033058
0.0000033057
0.0000033056
0.0000033055
0.0000033054
0.0000033053
0.0000033052
0.0000033052
0.0000033051
0.0000033050
0.0000033049
0.0000033048
0.0000033047
0.0000033046
0.0000033045
0.0000033044
0.0000033043
0.0000033042
0.0000033042
0.0000033041
0.0000033040
0.0000033039
0.0000033038
0.0000033037
0.0000033036
0.0000033035
0.0000033034
0.0000033033
0.0000033032
0.0000033032
0.0000033031
0.0000033030
0.0000033029
0.0000033028
0.0000033027
0.0000033026
0.0000033025
0.0000033024
0.0000033023
0.0000033022
0.0000033022
0.0000033021
0.0000033020
0.0000033019
0.0000033018
0.0000033017
0.0000033016
0.0000033015
0.0000033014
0.0000033013
0.0000033013
0.0000033012
0.0000033011
0.0000033010
0.0000033009
0.0000033008
0.0000033007
0.0000033006
0.0000033005
0.0000033004
0.0000033003
0.0000033003
0.0000033002
0.0000033001
0.0000033000
0.0000032999
0.0000032998
0.0000032997
0.0000032996
0.0000032995
0.0000032994
0.0000032994
0.0000032993
0.0000032992
0.0000032991
0.0000032990
0.0000032989
0.0000032988
0.0000032987
0.0000032986
0.0000032985
0.0000032984
0.0000032984
0.0000032983
0.0000032982
0.0000032981
0.0000032980
0.0000032979
0.0000032978
0.0000032977
0.0000032976
0.0000032975
0.0000032975
0.0000032974
0.0000032973
0.0000032972
0.0000032971
0.0000032970
0.0000032969
0.0000032968
0.0000032967
0.0000032966
0.0000032965
0.0000032965
0.0000032964
0.0000032963
0.0000032962
0.0000032961
0.0000032960
0.0000032959
0.0000032958
0.0000032957
0.0000032956
0.0000032956
0.0000032955
0.0000032954
0.0000032953
0.0000032952
0.0000032951
0.0000032950
0.0000032949
0.0000032948
0.0000032947
0.0000032946
0.0000032946
0.0000032945
0.0000032944
0.0000032943
0.0000032942
0.0000032941
0.0000032940
0.0000032939
0.0000032938
0.0000032937
0.0000032937
0.0000032936
0.0000032935
0.0000032934
0.0000032933
0.0000032932
0.0000032931
0.0000032930
0.0000032929
0.0000032928
0.0000032928
0.0000032927
0.0000032926
0.0000032925
0.0000032924
0.0000032923
0.0000032922
0.0000032921
0.0000032920
0.0000032919
0.0000032918
0.0000032918
0.0000032917
0.0000032916
0.0000032915
0.0000032914
0.0000032913
0.0000032912
0.0000032911
0.0000032910
0.0000032909
0.0000032909
0.0000032908
0.0000032907
0.0000032906
0.0000032905
0.0000032904
0.0000032903
0.0000032902
0.0000032901
0.0000032900
0.0000032900
0.0000032899
0.0000032898
0.0000032897
0.0000032896
0.0000032895
0.0000032894
0.0000032893
0.0000032892
0.0000032891
0.0000032891
0.0000032890
0.0000032889
0.0000032888
0.0000032887
0.0000032886
0.0000032885
0.0000032884
0.0000032883
0.0000032882
0.0000032881
0.0000032881
0.0000032880
0.0000032879
0.0000032878
0.0000032877
0.0000032876
0.0000032875
0.0000032874
0.0000032873
0.0000032872
0.0000032872
0.0000032871
0.0000032870
0.0000032869
0.0000032868
0.0000032867
0.0000032866
0.0000032865
0.0000032864
0.0000032863
0.0000032863
0.0000032862
0.0000032861
0.0000032860
0.0000032859
0.0000032858
0.0000032857
0.0000032856
0.0000032855
0.0000032854
0.0000032854
0.0000032853
0.0000032852
0.0000032851
0.0000032850
0.0000032849
0.0000032848
0.0000032847
0.0000032846
0.0000032845
0.0000032845
0.0000032844
0.0000032843
0.0000032842
0.0000032841
0.0000032840
0.0000032839
0.0000032838
0.0000032837
0.0000032836
0.0000032836
0.0000032835
0.0000032834
0.0000032833
0.0000032832
0.0000032831
0.0000032830
0.0000032829
0.0000032828
0.0000032827
0.0000032827
0.0000032826
0.0000032825
0.0000032824
0.0000032823
0.0000032822
0.0000032821
0.0000032820
0.0000032819
0.0000032818
0.0000032818
0.0000032817
0.0000032816
0.0000032815
0.0000032814
0.0000032813
0.0000032812
0.0000032811
0.0000032810
0.0000032809
0.0000032809
0.0000032808
0.0000032807
0.0000032806
0.0000032805
0.0000032804
0.0000032803
0.0000032802
0.0000032801
0.0000032800
0.0000032800
0.0000032799
0.0000032798
0.0000032797
0.0000032796
0.0000032795
0.0000032794
0.0000032793
0.0000032792
0.0000032791
0.0000032791
0.0000032790
0.0000032789
0.0000032788
0.0000032787
0.0000032786
0.0000032785
0.0000032784
0.0000032783
0.0000032783
0.0000032782
0.0000032781
0.0000032780
0.0000032779
0.0000032778
0.0000032777
0.0000032776
0.0000032775
0.0000032774
0.0000032774
0.0000032773
0.0000032772
0.0000032771
0.0000032770
0.0000032769
0.0000032768
0.0000032767
0.0000032766
0.0000032765
0.0000032765
0.0000032764
0.0000032763
0.0000032762
0.0000032761
0.0000032760
0.0000032759
0.0000032758
0.0000032757
0.0000032756
0.0000032756
0.0000032755
0.0000032754
0.0000032753
0.0000032752
0.0000032751
0.0000032750
0.0000032749
0.0000032748
0.0000032747
0.0000032747
0.0000032746
0.0000032745
0.0000032744
0.0000032743
0.0000032742
0.0000032741
0.0000032740
0.0000032739
0.0000032739
0.0000032738
0.0000032737
0.0000032736
0.0000032735
0.0000032734
0.0000032733
0.0000032732
0.0000032731
0.0000032730
0.0000032730
0.0000032729
0.0000032728
0.0000032727
0.0000032726
0.0000032725
0.0000032724
0.0000032723
0.0000032722
0.0000032721
0.0000032721
0.0000032720
0.0000032719
0.0000032718
0.0000032717
0.0000032716
0.0000032715
0.0000032714
0.0000032713
0.0000032713
0.0000032712
0.0000032711
0.0000032710
0.0000032709
0.0000032708
0.0000032707
0.0000032706
0.0000032705
0.0000032704
0.0000032704
0.0000032703
0.0000032702
0.0000032701
0.0000032700
0.0000032699
0.0000032698
0.0000032697
0.0000032696
0.0000032696
0.0000032695
0.0000032694
0.0000032693
0.0000032692
0.0000032691
0.0000032690
0.0000032689
0.0000032688
0.0000032687
0.0000032687
0.0000032686
0.0000032685
0.0000032684
0.0000032683
0.0000032682
0.0000032681
0.0000032680
0.0000032679
0.0000032679
0.0000032678
0.0000032677
0.0000032676
0.0000032675
0.0000032674
0.0000032673
0.0000032672
0.0000032671
0.0000032670
0.0000032670
0.0000032669
0.0000032668
0.0000032667
0.0000032666
0.0000032665
0.0000032664
0.0000032663
0.0000032662
0.0000032662
0.0000032661
0.0000032660
0.0000032659
0.0000032658
0.0000032657
0.0000032656
0.0000032655
0.0000032654
0.0000032653
0.0000032653
0.0000032652
0.0000032651
0.0000032650
0.0000032649
0.0000032648
0.0000032647
0.0000032646
0.0000032645
0.0000032645
0.0000032644
0.0000032643
0.0000032642
0.0000032641
0.0000032640
0.0000032639
0.0000032638
0.0000032637
0.0000032636
0.0000032636
0.0000032635
0.0000032634
0.0000032633
0.0000032632
0.0000032631
0.0000032630
0.0000032629
0.0000032628
0.0000032628
0.0000032627
0.0000032626
0.0000032625
0.0000032624
0.0000032623
0.0000032622
0.0000032621
0.0000032620
0.0000032620
0.0000032619
0.0000032618
0.0000032617
0.0000032616
0.0000032615
0.0000032614
0.0000032613
0.0000032612
0.0000032611
0.0000032611
0.0000032610
0.0000032609
0.0000032608
0.0000032607
0.0000032606
0.0000032605
0.0000032604
0.0000032603
0.0000032603
0.0000032602
0.0000032601
0.0000032600
0.0000032599
0.0000032598
0.0000032597
0.0000032596
0.0000032595
0.0000032595
0.0000032594
0.0000032593
0.0000032592
0.0000032591
0.0000032590
0.0000032589
0.0000032588
0.0000032587
0.0000032586
0.0000032586
0.0000032585
0.0000032584
0.0000032583
0.0000032582
0.0000032581
0.0000032580
0.0000032579
0.0000032578
0.0000032578
0.0000032577
0.0000032576
0.0000032575
0.0000032574
0.0000032573
0.0000032572
0.0000032571
0.0000032570
0.0000032570
0.0000032569
0.0000032568
0.0000032567
0.0000032566
0.0000032565
0.0000032564
0.0000032563
0.0000032562
0.0000032562
0.0000032561
0.0000032560
0.0000032559
0.0000032558
0.0000032557
0.0000032556
0.0000032555
0.0000032554
0.0000032554
0.0000032553
0.0000032552
0.0000032551
0.0000032550
0.0000032549
0.0000032548
0.0000032547
0.0000032546
0.0000032545
0.0000032545
0.0000032544
0.0000032543
0.0000032542
0.0000032541
0.0000032540
0.0000032539
0.0000032538
0.0000032537
0.0000032537
0.0000032536
0.0000032535
0.0000032534
0.0000032533
0.0000032532
0.0000032531
0.0000032530
0.0000032529
0.0000032529
0.0000032528
0.0000032527
0.0000032526
0.0000032525
0.0000032524
0.0000032523
0.0000032522
0.0000032521
0.0000032521
0.0000032520
0.0000032519
0.0000032518
0.0000032517
0.0000032516
0.0000032515
0.0000032514
0.0000032513
0.0000032513
0.0000032512
0.0000032511
0.0000032510
0.0000032509
0.0000032508
0.0000032507
0.0000032506
0.0000032505
0.0000032505
0.0000032504
0.0000032503
0.0000032502
0.0000032501
0.0000032500
0.0000032499
0.0000032498
0.0000032497
0.0000032497
0.0000032496
0.0000032495
0.0000032494
0.0000032493
0.0000032492
0.0000032491
0.0000032490
0.0000032489
0.0000032489
0.0000032488
0.0000032487
0.0000032486
0.0000032485
0.0000032484
0.0000032483
0.0000032482
0.0000032481
0.0000032481
0.0000032480
0.0000032479
0.0000032478
0.0000032477
0.0000032476
0.0000032475
0.0000032474
0.0000032473
0.0000032473
0.0000032472
0.0000032471
0.0000032470
0.0000032469
0.0000032468
0.0000032467
0.0000032466
0.0000032465
0.0000032465
0.0000032464
0.0000032463
0.0000032462
0.0000032461
0.0000032460
0.0000032459
0.0000032458
0.0000032457
0.0000032457
0.0000032456
0.0000032455
0.0000032454
0.0000032453
0.0000032452
0.0000032451
0.0000032450
0.0000032449
0.0000032449
0.0000032448
0.0000032447
0.0000032446
0.0000032445
0.0000032444
0.0000032443
0.0000032442
0.0000032442
0.0000032441
0.0000032440
0.0000032439
0.0000032438
0.0000032437
0.0000032436
0.0000032435
0.0000032434
0.0000032434
0.0000032433
0.0000032432
0.0000032431
0.0000032430
0.0000032429
0.0000032428
0.0000032427
0.0000032426
0.0000032426
0.0000032425
0.0000032424
0.0000032423
0.0000032422
0.0000032421
0.0000032420
0.0000032419
0.0000032418
0.0000032418
0.0000032417
0.0000032416
0.0000032415
0.0000032414
0.0000032413
0.0000032412
0.0000032411
0.0000032410
0.0000032410
0.0000032409
0.0000032408
0.0000032407
0.0000032406
0.0000032405
0.0000032404
0.0000032403
0.0000032402
0.0000032402
0.0000032401
0.0000032400
0.0000032399
0.0000032398
0.0000032397
0.0000032396
0.0000032395
0.0000032395
0.0000032394
0.0000032393
0.0000032392
0.0000032391
0.0000032390
0.0000032389
0.0000032388
0.0000032387
0.0000032387
0.0000032386
0.0000032385
0.0000032384
0.0000032383
0.0000032382
0.0000032381
0.0000032380
0.0000032379
0.0000032379
0.0000032378
0.0000032377
0.0000032376
0.0000032375
0.0000032374
0.0000032373
0.0000032372
0.0000032372
0.0000032371
0.0000032370
0.0000032369
0.0000032368
0.0000032367
0.0000032366
0.0000032365
0.0000032364
0.0000032364
0.0000032363
0.0000032362
0.0000032361
0.0000032360
0.0000032359
0.0000032358
0.0000032357
0.0000032356
0.0000032356
0.0000032355
0.0000032354
0.0000032353
0.0000032352
0.0000032351
0.0000032350
0.0000032349
0.0000032349
0.0000032348
0.0000032347
0.0000032346
0.0000032345
0.0000032344
0.0000032343
0.0000032342
0.0000032341
0.0000032341
0.0000032340
0.0000032339
0.0000032338
0.0000032337
0.0000032336
0.0000032335
0.0000032334
0.0000032333
0.0000032333
0.0000032332
0.0000032331
0.0000032330
0.0000032329
0.0000032328
0.0000032327
0.0000032326
0.0000032326
0.0000032325
0.0000032324
0.0000032323
0.0000032322
0.0000032321
0.0000032320
0.0000032319
0.0000032318
0.0000032318
0.0000032317
0.0000032316
0.0000032315
0.0000032314
0.0000032313
0.0000032312
0.0000032311
0.0000032311
0.0000032310
0.0000032309
0.0000032308
0.0000032307
0.0000032306
0.0000032305
0.0000032304
0.0000032303
0.0000032303
0.0000032302
0.0000032301
0.0000032300
0.0000032299
0.0000032298
0.0000032297
0.0000032296
0.0000032296
0.0000032295
0.0000032294
0.0000032293
0.0000032292
0.0000032291
0.0000032290
0.0000032289
0.0000032288
0.0000032288
0.0000032287
0.0000032286
0.0000032285
0.0000032284
0.0000032283
0.0000032282
0.0000032281
0.0000032281
0.0000032280
0.0000032279
0.0000032278
0.0000032277
0.0000032276
0.0000032275
0.0000032274
0.0000032273
0.0000032273
0.0000032272
0.0000032271
0.0000032270
0.0000032269
0.0000032268
0.0000032267
0.0000032266
0.0000032266
0.0000032265
0.0000032264
0.0000032263
0.0000032262
0.0000032261
0.0000032260
0.0000032259
0.0000032258
0.0000032258
0.0000032257
0.0000032256
0.0000032255
0.0000032254
0.0000032253
0.0000032252
0.0000032251
0.0000032251
0.0000032250
0.0000032249
0.0000032248
0.0000032247
0.0000032246
0.0000032245
0.0000032244
0.0000032244
0.0000032243
0.0000032242
0.0000032241
0.0000032240
0.0000032239
0.0000032238
0.0000032237
0.0000032236
0.0000032236
0.0000032235
0.0000032234
0.0000032233
0.0000032232
0.0000032231
0.0000032230
0.0000032229
0.0000032229
0.0000032228
0.0000032227
0.0000032226
0.0000032225
0.0000032224
0.0000032223
0.0000032222
0.0000032222
0.0000032221
0.0000032220
0.0000032219
0.0000032218
0.0000032217
0.0000032216
0.0000032215
0.0000032214
0.0000032214
0.0000032213
0.0000032212
0.0000032211
0.0000032210
0.0000032209
0.0000032208
0.0000032207
0.0000032207
0.0000032206
0.0000032205
0.0000032204
0.0000032203
0.0000032202
0.0000032201
0.0000032200
0.0000032200
0.0000032199
0.0000032198
0.0000032197
0.0000032196
0.0000032195
0.0000032194
0.0000032193
0.0000032192
0.0000032192
0.0000032191
0.0000032190
0.0000032189
0.0000032188
0.0000032187
0.0000032186
0.0000032185
0.0000032185
0.0000032184
0.0000032183
0.0000032182
0.0000032181
0.0000032180
0.0000032179
0.0000032178
0.0000032178
0.0000032177
0.0000032176
0.0000032175
0.0000032174
0.0000032173
0.0000032172
0.0000032171
0.0000032171
0.0000032170
0.0000032169
0.0000032168
0.0000032167
0.0000032166
0.0000032165
0.0000032164
0.0000032163
0.0000032163
0.0000032162
0.0000032161
0.0000032160
0.0000032159
0.0000032158
0.0000032157
0.0000032156
0.0000032156
0.0000032155
0.0000032154
0.0000032153
0.0000032152
0.0000032151
0.0000032150
0.0000032149
0.0000032149
0.0000032148
0.0000032147
0.0000032146
0.0000032145
0.0000032144
0.0000032143
0.0000032142
0.0000032142
0.0000032141
0.0000032140
0.0000032139
0.0000032138
0.0000032137
0.0000032136
0.0000032135
0.0000032135
0.0000032134
0.0000032133
0.0000032132
0.0000032131
0.0000032130
0.0000032129
0.0000032128
0.0000032128
0.0000032127
0.0000032126
0.0000032125
0.0000032124
0.0000032123
0.0000032122
0.0000032121
0.0000032120
0.0000032120
0.0000032119
0.0000032118
0.0000032117
0.0000032116
0.0000032115
0.0000032114
0.0000032113
0.0000032113
0.0000032112
0.0000032111
0.0000032110
0.0000032109
0.0000032108
0.0000032107
0.0000032106
0.0000032106
0.0000032105
0.0000032104
0.0000032103
0.0000032102
0.0000032101
0.0000032100
0.0000032099
0.0000032099
0.0000032098
0.0000032097
0.0000032096
0.0000032095
0.0000032094
0.0000032093
0.0000032092
0.0000032092
0.0000032091
0.0000032090
0.0000032089
0.0000032088
0.0000032087
0.0000032086
0.0000032085
0.0000032085
0.0000032084
0.0000032083
0.0000032082
0.0000032081
0.0000032080
0.0000032079
0.0000032078
0.0000032078
0.0000032077
0.0000032076
0.0000032075
0.0000032074
0.0000032073
0.0000032072
0.0000032071
0.0000032071
0.0000032070
0.0000032069
0.0000032068
0.0000032067
0.0000032066
0.0000032065
0.0000032064
0.0000032064
0.0000032063
0.0000032062
0.0000032061
0.0000032060
0.0000032059
0.0000032058
0.0000032057
0.0000032057
0.0000032056
0.0000032055
0.0000032054
0.0000032053
0.0000032052
0.0000032051
0.0000032050
0.0000032050
0.0000032049
0.0000032048
0.0000032047
0.0000032046
0.0000032045
0.0000032044
0.0000032043
0.0000032043
0.0000032042
0.0000032041
0.0000032040
0.0000032039
0.0000032038
0.0000032037
0.0000032036
0.0000032036
0.0000032035
0.0000032034
0.0000032033
0.0000032032
0.0000032031
0.0000032030
0.0000032029
0.0000032029
0.0000032028
0.0000032027
0.0000032026
0.0000032025
0.0000032024
0.0000032023
0.0000032022
0.0000032022
0.0000032021
0.0000032020
0.0000032019
0.0000032018
0.0000032017
0.0000032016
0.0000032015
0.0000032015
0.0000032014
0.0000032013
0.0000032012
0.0000032011
0.0000032010
0.0000032009
0.0000032009
0.0000032008
0.0000032007
0.0000032006
0.0000032005
0.0000032004
0.0000032003
0.0000032002
0.0000032002
0.0000032001
0.0000032000
0.0000031999
0.0000031998
0.0000031997
0.0000031996
0.0000031995
0.0000031995
0.0000031994
0.0000031993
0.0000031992
0.0000031991
0.0000031990
0.0000031989
0.0000031988
0.0000031988
0.0000031987
0.0000031986
0.0000031985
0.0000031984
0.0000031983
0.0000031982
0.0000031981
0.0000031981
0.0000031980
0.0000031979
0.0000031978
0.0000031977
0.0000031976
0.0000031975
0.0000031974
0.0000031974
0.0000031973
0.0000031972
0.0000031971
0.0000031970
0.0000031969
0.0000031968
0.0000031968
0.0000031967
0.0000031966
0.0000031965
0.0000031964
0.0000031963
0.0000031962
0.0000031961
0.0000031961
0.0000031960
0.0000031959
0.0000031958
0.0000031957
0.0000031956
0.0000031955
0.0000031954
0.0000031954
0.0000031953
0.0000031952
0.0000031951
0.0000031950
0.0000031949
0.0000031948
0.0000031947
0.0000031947
0.0000031946
0.0000031945
0.0000031944
0.0000031943
0.0000031942
0.0000031941
0.0000031940
0.0000031940
0.0000031939
0.0000031938
0.0000031937
0.0000031936
0.0000031935
0.0000031934
0.0000031934
0.0000031933
0.0000031932
0.0000031931
0.0000031930
0.0000031929
0.0000031928
0.0000031927
0.0000031927
0.0000031926
0.0000031925
0.0000031924
0.0000031923
0.0000031922
0.0000031921
0.0000031920
0.0000031920
0.0000031919
0.0000031918
0.0000031917
0.0000031916
0.0000031915
0.0000031914
0.0000031914
0.0000031913
0.0000031912
0.0000031911
0.0000031910
0.0000031909
0.0000031908
0.0000031907
0.0000031907
0.0000031906
0.0000031905
0.0000031904
0.0000031903
0.0000031902
0.0000031901
0.0000031900
0.0000031900
0.0000031899
0.0000031898
0.0000031897
0.0000031896
0.0000031895
0.0000031894
0.0000031894
0.0000031893
0.0000031892
0.0000031891
0.0000031890
0.0000031889
0.0000031888
0.0000031887
0.0000031887
0.0000031886
0.0000031885
0.0000031884
0.0000031883
0.0000031882
0.0000031881
0.0000031880
0.0000031880
0.0000031879
0.0000031878
0.0000031877
0.0000031876
0.0000031875
0.0000031874
0.0000031874
0.0000031873
0.0000031872
0.0000031871
0.0000031870
0.0000031869
0.0000031868
0.0000031867
0.0000031867
0.0000031866
0.0000031865
0.0000031864
0.0000031863
0.0000031862
0.0000031861
0.0000031860
0.0000031860
0.0000031859
0.0000031858
0.0000031857
0.0000031856
0.0000031855
0.0000031854
0.0000031854
0.0000031853
0.0000031852
0.0000031851
0.0000031850
0.0000031849
0.0000031848
0.0000031847
0.0000031847
0.0000031846
0.0000031845
0.0000031844
0.0000031843
0.0000031842
0.0000031841
0.0000031841
0.0000031840
0.0000031839
0.0000031838
0.0000031837
0.0000031836
0.0000031835
0.0000031834
0.0000031834
0.0000031833
0.0000031832
0.0000031831
0.0000031830
0.0000031829
0.0000031828
0.0000031828
0.0000031827
0.0000031826
0.0000031825
0.0000031824
0.0000031823
0.0000031822
0.0000031821
0.0000031821
0.0000031820
0.0000031819
0.0000031818
0.0000031817
0.0000031816
0.0000031815
0.0000031815
0.0000031814
0.0000031813
0.0000031812
0.0000031811
0.0000031810
0.0000031809
0.0000031808
0.0000031808
0.0000031807
0.0000031806
0.0000031805
0.0000031804
0.0000031803
0.0000031802
0.0000031802
0.0000031801
0.0000031800
0.0000031799
0.0000031798
0.0000031797
0.0000031796
0.0000031795
0.0000031795
0.0000031794
0.0000031793
0.0000031792
0.0000031791
0.0000031790
0.0000031789
0.0000031789
0.0000031788
0.0000031787
0.0000031786
0.0000031785
0.0000031784
0.0000031783
0.0000031782
0.0000031782
0.0000031781
0.0000031780
0.0000031779
0.0000031778
0.0000031777
0.0000031776
0.0000031776
0.0000031775
0.0000031774
0.0000031773
0.0000031772
0.0000031771
0.0000031770
0.0000031769
0.0000031769
0.0000031768
0.0000031767
0.0000031766
0.0000031765
0.0000031764
0.0000031763
0.0000031763
0.0000031762
0.0000031761
0.0000031760
0.0000031759
0.0000031758
0.0000031757
0.0000031757
0.0000031756
0.0000031755
0.0000031754
0.0000031753
0.0000031752
0.0000031751
0.0000031750
0.0000031750
0.0000031749
0.0000031748
0.0000031747
0.0000031746
0.0000031745
0.0000031744
0.0000031744
0.0000031743
0.0000031742
0.0000031741
0.0000031740
0.0000031739
0.0000031738
0.0000031737
0.0000031737
0.0000031736
0.0000031735
0.0000031734
0.0000031733
0.0000031732
0.0000031731
0.0000031731
0.0000031730
0.0000031729
0.0000031728
0.0000031727
0.0000031726
0.0000031725
0.0000031725
0.0000031724
0.0000031723
0.0000031722
0.0000031721
0.0000031720
0.0000031719
0.0000031718
0.0000031718
0.0000031717
0.0000031716
0.0000031715
0.0000031714
0.0000031713
0.0000031712
0.0000031712
0.0000031711
0.0000031710
0.0000031709
0.0000031708
0.0000031707
0.0000031706
0.0000031706
0.0000031705
0.0000031704
0.0000031703
0.0000031702
0.0000031701
0.0000031700
0.0000031699
0.0000031699
0.0000031698
0.0000031697
0.0000031696
0.0000031695
0.0000031694
0.0000031693
0.0000031693
0.0000031692
0.0000031691
0.0000031690
0.0000031689
0.0000031688
0.0000031687
0.0000031687
0.0000031686
0.0000031685
0.0000031684
0.0000031683
0.0000031682
0.0000031681
0.0000031680
0.0000031680
0.0000031679
0.0000031678
0.0000031677
0.0000031676
0.0000031675
0.0000031674
0.0000031674
0.0000031673
0.0000031672
0.0000031671
0.0000031670
0.0000031669
0.0000031668
0.0000031668
0.0000031667
0.0000031666
0.0000031665
0.0000031664
0.0000031663
0.0000031662
0.0000031662
0.0000031661
0.0000031660
0.0000031659
0.0000031658
0.0000031657
0.0000031656
0.0000031655
0.0000031655
0.0000031654
0.0000031653
0.0000031652
0.0000031651
0.0000031650
0.0000031649
0.0000031649
0.0000031648
0.0000031647
0.0000031646
0.0000031645
0.0000031644
0.0000031643
0.0000031643
0.0000031642
0.0000031641
0.0000031640
0.0000031639
0.0000031638
0.0000031637
0.0000031637
0.0000031636
0.0000031635
0.0000031634
0.0000031633
0.0000031632
0.0000031631
0.0000031631
0.0000031630
0.0000031629
0.0000031628
0.0000031627
0.0000031626
0.0000031625
0.0000031624
0.0000031624
0.0000031623
0.0000031622
0.0000031621
0.0000031620
0.0000031619
0.0000031618
0.0000031618
0.0000031617
0.0000031616
0.0000031615
0.0000031614
0.0000031613
0.0000031612
0.0000031612
0.0000031611
0.0000031610
0.0000031609
0.0000031608
0.0000031607
0.0000031606
0.0000031606
0.0000031605
0.0000031604
0.0000031603
0.0000031602
0.0000031601
0.0000031600
0.0000031600
0.0000031599
0.0000031598
0.0000031597
0.0000031596
0.0000031595
0.0000031594
0.0000031594
0.0000031593
0.0000031592
0.0000031591
0.0000031590
0.0000031589
0.0000031588
0.0000031588
0.0000031587
0.0000031586
0.0000031585
0.0000031584
0.0000031583
0.0000031582
0.0000031581
0.0000031581
0.0000031580
0.0000031579
0.0000031578
0.0000031577
0.0000031576
0.0000031575
0.0000031575
0.0000031574
0.0000031573
0.0000031572
0.0000031571
0.0000031570
0.0000031569
0.0000031569
0.0000031568
0.0000031567
0.0000031566
0.0000031565
0.0000031564
0.0000031563
0.0000031563
0.0000031562
0.0000031561
0.0000031560
0.0000031559
0.0000031558
0.0000031557
0.0000031557
0.0000031556
0.0000031555
0.0000031554
0.0000031553
0.0000031552
0.0000031551
0.0000031551
0.0000031550
0.0000031549
0.0000031548
0.0000031547
0.0000031546
0.0000031545
0.0000031545
0.0000031544
0.0000031543
0.0000031542
0.0000031541
0.0000031540
0.0000031539
0.0000031539
0.0000031538
0.0000031537
0.0000031536
0.0000031535
0.0000031534
0.0000031533
0.0000031533
0.0000031532
0.0000031531
0.0000031530
0.0000031529
0.0000031528
0.0000031527
0.0000031527
0.0000031526
0.0000031525
0.0000031524
0.0000031523
0.0000031522
0.0000031521
0.0000031521
0.0000031520
0.0000031519
0.0000031518
0.0000031517
0.0000031516
0.0000031515
0.0000031515
0.0000031514
0.0000031513
0.0000031512
0.0000031511
0.0000031510
0.0000031509
0.0000031509
0.0000031508
0.0000031507
0.0000031506
0.0000031505
0.0000031504
0.0000031503
0.0000031503
0.0000031502
0.0000031501
0.0000031500
0.0000031499
0.0000031498
0.0000031497
0.0000031497
0.0000031496
0.0000031495
0.0000031494
0.0000031493
0.0000031492
0.0000031491
0.0000031491
0.0000031490
0.0000031489
0.0000031488
0.0000031487
0.0000031486
0.0000031485
0.0000031485
0.0000031484
0.0000031483
0.0000031482
0.0000031481
0.0000031480
0.0000031479
0.0000031479
0.0000031478
0.0000031477
0.0000031476
0.0000031475
0.0000031474
0.0000031473
0.0000031473
0.0000031472
0.0000031471
0.0000031470
0.0000031469
0.0000031468
0.0000031467
0.0000031467
0.0000031466
0.0000031465
0.0000031464
0.0000031463
0.0000031462
0.0000031461
0.0000031461
0.0000031460
0.0000031459
0.0000031458
0.0000031457
0.0000031456
0.0000031455
0.0000031455
0.0000031454
0.0000031453
0.0000031452
0.0000031451
0.0000031450
0.0000031449
0.0000031449
0.0000031448
0.0000031447
0.0000031446
0.0000031445
0.0000031444
0.0000031443
0.0000031443
0.0000031442
0.0000031441
0.0000031440
0.0000031439
0.0000031438
0.0000031438
0.0000031437
0.0000031436
0.0000031435
0.0000031434
0.0000031433
0.0000031432
0.0000031432
0.0000031431
0.0000031430
0.0000031429
0.0000031428
0.0000031427
0.0000031426
0.0000031426
0.0000031425
0.0000031424
0.0000031423
0.0000031422
0.0000031421
0.0000031420
0.0000031420
0.0000031419
0.0000031418
0.0000031417
0.0000031416
0.0000031415
0.0000031414
0.0000031414
0.0000031413
0.0000031412
0.0000031411
0.0000031410
0.0000031409
0.0000031408
0.0000031408
0.0000031407
0.0000031406
0.0000031405
0.0000031404
0.0000031403
0.0000031402
0.0000031402
0.0000031401
0.0000031400
0.0000031399
0.0000031398
0.0000031397
0.0000031397
0.0000031396
0.0000031395
0.0000031394
0.0000031393
0.0000031392
0.0000031391
0.0000031391
0.0000031390
0.0000031389
0.0000031388
0.0000031387
0.0000031386
0.0000031385
0.0000031385
0.0000031384
0.0000031383
0.0000031382
0.0000031381
0.0000031380
0.0000031379
0.0000031379
0.0000031378
0.0000031377
0.0000031376
0.0000031375
0.0000031374
0.0000031373
0.0000031373
0.0000031372
0.0000031371
0.0000031370
0.0000031369
0.0000031368
0.0000031368
0.0000031367
0.0000031366
0.0000031365
0.0000031364
0.0000031363
0.0000031362
0.0000031362
0.0000031361
0.0000031360
0.0000031359
0.0000031358
0.0000031357
0.0000031356
0.0000031356
0.0000031355
0.0000031354
0.0000031353
0.0000031352
0.0000031351
0.0000031350
0.0000031350
0.0000031349
0.0000031348
0.0000031347
0.0000031346
0.0000031345
0.0000031345
0.0000031344
0.0000031343
0.0000031342
0.0000031341
0.0000031340
0.0000031339
0.0000031339
0.0000031338
0.0000031337
0.0000031336
0.0000031335
0.0000031334
0.0000031333
0.0000031333
0.0000031332
0.0000031331
0.0000031330
0.0000031329
0.0000031328
0.0000031327
0.0000031327
0.0000031326
0.0000031325
0.0000031324
0.0000031323
0.0000031322
0.0000031322
0.0000031321
0.0000031320
0.0000031319
0.0000031318
0.0000031317
0.0000031316
0.0000031316
0.0000031315
0.0000031314
0.0000031313
0.0000031312
0.0000031311
0.0000031310
0.0000031310
0.0000031309
0.0000031308
0.0000031307
0.0000031306
0.0000031305
0.0000031304
0.0000031304
0.0000031303
0.0000031302
0.0000031301
0.0000031300
0.0000031299
0.0000031299
0.0000031298
0.0000031297
0.0000031296
0.0000031295
0.0000031294
0.0000031293
0.0000031293
0.0000031292
0.0000031291
0.0000031290
0.0000031289
0.0000031288
0.0000031287
0.0000031287
0.0000031286
0.0000031285
0.0000031284
0.0000031283
0.0000031282
0.0000031282
0.0000031281
0.0000031280
0.0000031279
0.0000031278
0.0000031277
0.0000031276
0.0000031276
0.0000031275
0.0000031274
0.0000031273
0.0000031272
0.0000031271
0.0000031271
0.0000031270
0.0000031269
0.0000031268
0.0000031267
0.0000031266
0.0000031265
0.0000031265
0.0000031264
0.0000031263
0.0000031262
0.0000031261
0.0000031260
0.0000031259
0.0000031259
0.0000031258
0.0000031257
0.0000031256
0.0000031255
0.0000031254
0.0000031254
0.0000031253
0.0000031252
0.0000031251
0.0000031250
0.0000031249
0.0000031248
0.0000031248
0.0000031247
0.0000031246
0.0000031245
0.0000031244
0.0000031243
0.0000031242
0.0000031242
0.0000031241
0.0000031240
0.0000031239
0.0000031238
0.0000031237
0.0000031237
0.0000031236
0.0000031235
0.0000031234
0.0000031233
0.0000031232
0.0000031231
0.0000031231
0.0000031230
0.0000031229
0.0000031228
0.0000031227
0.0000031226
0.0000031226
0.0000031225
0.0000031224
0.0000031223
0.0000031222
0.0000031221
0.0000031220
0.0000031220
0.0000031219
0.0000031218
0.0000031217
0.0000031216
0.0000031215
0.0000031214
0.0000031214
0.0000031213
0.0000031212
0.0000031211
0.0000031210
0.0000031209
0.0000031209
0.0000031208
0.0000031207
0.0000031206
0.0000031205
0.0000031204
0.0000031203
0.0000031203
0.0000031202
0.0000031201
0.0000031200
0.0000031199
0.0000031198
0.0000031198
0.0000031197
0.0000031196
0.0000031195
0.0000031194
0.0000031193
0.0000031192
0.0000031192
0.0000031191
0.0000031190
0.0000031189
0.0000031188
0.0000031187
0.0000031187
0.0000031186
0.0000031185
0.0000031184
0.0000031183
0.0000031182
0.0000031181
0.0000031181
0.0000031180
0.0000031179
0.0000031178
0.0000031177
0.0000031176
0.0000031176
0.0000031175
0.0000031174
0.0000031173
0.0000031172
0.0000031171
0.0000031170
0.0000031170
0.0000031169
0.0000031168
0.0000031167
0.0000031166
0.0000031165
0.0000031165
0.0000031164
0.0000031163
0.0000031162
0.0000031161
0.0000031160
0.0000031159
0.0000031159
0.0000031158
0.0000031157
0.0000031156
0.0000031155
0.0000031154
0.0000031154
0.0000031153
0.0000031152
0.0000031151
0.0000031150
0.0000031149
0.0000031148
0.0000031148
0.0000031147
0.0000031146
0.0000031145
0.0000031144
0.0000031143
0.0000031143
0.0000031142
0.0000031141
0.0000031140
0.0000031139
0.0000031138
0.0000031137
0.0000031137
0.0000031136
0.0000031135
0.0000031134
0.0000031133
0.0000031132
0.0000031132
0.0000031131
0.0000031130
0.0000031129
0.0000031128
0.0000031127
0.0000031126
0.0000031126
0.0000031125
0.0000031124
0.0000031123
0.0000031122
0.0000031121
0.0000031121
0.0000031120
0.0000031119
0.0000031118
0.0000031117
0.0000031116
0.0000031116
0.0000031115
0.0000031114
0.0000031113
0.0000031112
0.0000031111
0.0000031110
0.0000031110
0.0000031109
0.0000031108
0.0000031107
0.0000031106
0.0000031105
0.0000031105
0.0000031104
0.0000031103
0.0000031102
0.0000031101
0.0000031100
0.0000031099
0.0000031099
0.0000031098
0.0000031097
0.0000031096
0.0000031095
0.0000031094
0.0000031094
0.0000031093
0.0000031092
0.0000031091
0.0000031090
0.0000031089
0.0000031088
0.0000031088
0.0000031087
0.0000031086
0.0000031085
0.0000031084
0.0000031083
0.0000031083
0.0000031082
0.0000031081
0.0000031080
0.0000031079
0.0000031078
0.0000031078
0.0000031077
0.0000031076
0.0000031075
0.0000031074
0.0000031073
0.0000031072
0.0000031072
0.0000031071
0.0000031070
0.0000031069
0.0000031068
0.0000031067
0.0000031067
0.0000031066
0.0000031065
0.0000031064
0.0000031063
0.0000031062
0.0000031062
0.0000031061
0.0000031060
0.0000031059
0.0000031058
0.0000031057
0.0000031056
0.0000031056
0.0000031055
0.0000031054
0.0000031053
0.0000031052
0.0000031051
0.0000031051
0.0000031050
0.0000031049
0.0000031048
0.0000031047
0.0000031046
0.0000031046
0.0000031045
0.0000031044
0.0000031043
0.0000031042
0.0000031041
0.0000031040
0.0000031040
0.0000031039
0.0000031038
0.0000031037
0.0000031036
0.0000031035
0.0000031035
0.0000031034
0.0000031033
0.0000031032
0.0000031031
0.0000031030
0.0000031030
0.0000031029
0.0000031028
0.0000031027
0.0000031026
0.0000031025
0.0000031024
0.0000031024
0.0000031023
0.0000031022
0.0000031021
0.0000031020
0.0000031019
0.0000031019
0.0000031018
0.0000031017
0.0000031016
0.0000031015
0.0000031014
0.0000031014
0.0000031013
0.0000031012
0.0000031011
0.0000031010
0.0000031009
0.0000031008
0.0000031008
0.0000031007
0.0000031006
0.0000031005
0.0000031004
0.0000031003
0.0000031003
0.0000031002
0.0000031001
0.0000031000
0.0000030999
0.0000030998
0.0000030998
0.0000030997
0.0000030996
0.0000030995
0.0000030994
0.0000030993
0.0000030992
0.0000030992
0.0000030991
0.0000030990
0.0000030989
0.0000030988
0.0000030987
0.0000030987
0.0000030986
0.0000030985
0.0000030984
0.0000030983
0.0000030982
0.0000030982
0.0000030981
0.0000030980
0.0000030979
0.0000030978
0.0000030977
0.0000030977
0.0000030976
0.0000030975
0.0000030974
0.0000030973
0.0000030972
0.0000030971
0.0000030971
0.0000030970
0.0000030969
0.0000030968
0.0000030967
0.0000030966
0.0000030966
0.0000030965
0.0000030964
0.0000030963
0.0000030962
0.0000030961
0.0000030961
0.0000030960
0.0000030959
0.0000030958
0.0000030957
0.0000030956
0.0000030956
0.0000030955
0.0000030954
0.0000030953
0.0000030952
0.0000030951
0.0000030950
0.0000030950
0.0000030949
0.0000030948
0.0000030947
0.0000030946
0.0000030945
0.0000030945
0.0000030944
0.0000030943
0.0000030942
0.0000030941
0.0000030940
0.0000030940
0.0000030939
0.0000030938
0.0000030937
0.0000030936
0.0000030935
0.0000030935
0.0000030934
0.0000030933
0.0000030932
0.0000030931
0.0000030930
0.0000030930
0.0000030929
0.0000030928
0.0000030927
0.0000030926
0.0000030925
0.0000030924
0.0000030924
0.0000030923
0.0000030922
0.0000030921
0.0000030920
0.0000030919
0.0000030919
0.0000030918
0.0000030917
0.0000030916
0.0000030915
0.0000030914
0.0000030914
0.0000030913
0.0000030912
0.0000030911
0.0000030910
0.0000030909
0.0000030909
0.0000030908
0.0000030907
0.0000030906
0.0000030905
0.0000030904
0.0000030904
0.0000030903
0.0000030902
0.0000030901
0.0000030900
0.0000030899
0.0000030899
0.0000030898
0.0000030897
0.0000030896
0.0000030895
0.0000030894
0.0000030893
0.0000030893
0.0000030892
0.0000030891
0.0000030890
0.0000030889
0.0000030888
0.0000030888
0.0000030887
0.0000030886
0.0000030885
0.0000030884
0.0000030883
0.0000030883
0.0000030882
0.0000030881
0.0000030880
0.0000030879
0.0000030878
0.0000030878
0.0000030877
0.0000030876
0.0000030875
0.0000030874
0.0000030873
0.0000030873
0.0000030872
0.0000030871
0.0000030870
0.0000030869
0.0000030868
0.0000030868
0.0000030867
0.0000030866
0.0000030865
0.0000030864
0.0000030863
0.0000030863
0.0000030862
0.0000030861
0.0000030860
0.0000030859
0.0000030858
0.0000030858
0.0000030857
0.0000030856
0.0000030855
0.0000030854
0.0000030853
0.0000030852
0.0000030852
0.0000030851
0.0000030850
0.0000030849
0.0000030848
0.0000030847
0.0000030847
0.0000030846
0.0000030845
0.0000030844
0.0000030843
0.0000030842
0.0000030842
0.0000030841
0.0000030840
0.0000030839
0.0000030838
0.0000030837
0.0000030837
0.0000030836
0.0000030835
0.0000030834
0.0000030833
0.0000030832
0.0000030832
0.0000030831
0.0000030830
0.0000030829
0.0000030828
0.0000030827
0.0000030827
0.0000030826
0.0000030825
0.0000030824
0.0000030823
0.0000030822
0.0000030822
0.0000030821
0.0000030820
0.0000030819
0.0000030818
0.0000030817
0.0000030817
0.0000030816
0.0000030815
0.0000030814
0.0000030813
0.0000030812
0.0000030812
0.0000030811
0.0000030810
0.0000030809
0.0000030808
0.0000030807
0.0000030807
0.0000030806
0.0000030805
0.0000030804
0.0000030803
0.0000030802
0.0000030802
0.0000030801
0.0000030800
0.0000030799
0.0000030798
0.0000030797
0.0000030797
0.0000030796
0.0000030795
0.0000030794
0.0000030793
0.0000030792
0.0000030792
0.0000030791
0.0000030790
0.0000030789
0.0000030788
0.0000030787
0.0000030787
0.0000030786
0.0000030785
0.0000030784
0.0000030783
0.0000030782
0.0000030782
0.0000030781
0.0000030780
0.0000030779
0.0000030778
0.0000030777
0.0000030776
0.0000030776
0.0000030775
0.0000030774
0.0000030773
0.0000030772
0.0000030771
0.0000030771
0.0000030770
0.0000030769
0.0000030768
0.0000030767
0.0000030766
0.0000030766
0.0000030765
0.0000030764
0.0000030763
0.0000030762
0.0000030761
0.0000030761
0.0000030760
0.0000030759
0.0000030758
0.0000030757
0.0000030756
0.0000030756
0.0000030755
0.0000030754
0.0000030753
0.0000030752
0.0000030751
0.0000030751
0.0000030750
0.0000030749
0.0000030748
0.0000030747
0.0000030747
0.0000030746
0.0000030745
0.0000030744
0.0000030743
0.0000030742
0.0000030742
0.0000030741
0.0000030740
0.0000030739
0.0000030738
0.0000030737
0.0000030737
0.0000030736
0.0000030735
0.0000030734
0.0000030733
0.0000030732
0.0000030732
0.0000030731
0.0000030730
0.0000030729
0.0000030728
0.0000030727
0.0000030727
0.0000030726
0.0000030725
0.0000030724
0.0000030723
0.0000030722
0.0000030722
0.0000030721
0.0000030720
0.0000030719
0.0000030718
0.0000030717
0.0000030717
0.0000030716
0.0000030715
0.0000030714
0.0000030713
0.0000030712
0.0000030712
0.0000030711
0.0000030710
0.0000030709
0.0000030708
0.0000030707
0.0000030707
0.0000030706
0.0000030705
0.0000030704
0.0000030703
0.0000030702
0.0000030702
0.0000030701
0.0000030700
0.0000030699
0.0000030698
0.0000030697
0.0000030697
0.0000030696
0.0000030695
0.0000030694
0.0000030693
0.0000030692
0.0000030692
0.0000030691
0.0000030690
0.0000030689
0.0000030688
0.0000030687
0.0000030687
0.0000030686
0.0000030685
0.0000030684
0.0000030683
0.0000030682
0.0000030682
0.0000030681
0.0000030680
0.0000030679
0.0000030678
0.0000030677
0.0000030677
0.0000030676
0.0000030675
0.0000030674
0.0000030673
0.0000030672
0.0000030672
0.0000030671
0.0000030670
0.0000030669
0.0000030668
0.0000030667
0.0000030667
0.0000030666
0.0000030665
0.0000030664
0.0000030663
0.0000030663
0.0000030662
0.0000030661
0.0000030660
0.0000030659
0.0000030658
0.0000030658
0.0000030657
0.0000030656
0.0000030655
0.0000030654
0.0000030653
0.0000030653
0.0000030652
0.0000030651
0.0000030650
0.0000030649
0.0000030648
0.0000030648
0.0000030647
0.0000030646
0.0000030645
0.0000030644
0.0000030643
0.0000030643
0.0000030642
0.0000030641
0.0000030640
0.0000030639
0.0000030638
0.0000030638
0.0000030637
0.0000030636
0.0000030635
0.0000030634
0.0000030633
0.0000030633
0.0000030632
0.0000030631
0.0000030630
0.0000030629
0.0000030628
0.0000030628
0.0000030627
0.0000030626
0.0000030625
0.0000030624
0.0000030624
0.0000030623
0.0000030622
0.0000030621
0.0000030620
0.0000030619
0.0000030619
0.0000030618
0.0000030617
0.0000030616
0.0000030615
0.0000030614
0.0000030614
0.0000030613
0.0000030612
0.0000030611
0.0000030610
0.0000030609
0.0000030609
0.0000030608
0.0000030607
0.0000030606
0.0000030605
0.0000030604
0.0000030604
0.0000030603
0.0000030602
0.0000030601
0.0000030600
0.0000030599
0.0000030599
0.0000030598
0.0000030597
0.0000030596
0.0000030595
0.0000030595
0.0000030594
0.0000030593
0.0000030592
0.0000030591
0.0000030590
0.0000030590
0.0000030589
0.0000030588
0.0000030587
0.0000030586
0.0000030585
0.0000030585
0.0000030584
0.0000030583
0.0000030582
0.0000030581
0.0000030580
0.0000030580
0.0000030579
0.0000030578
0.0000030577
0.0000030576
0.0000030575
0.0000030575
0.0000030574
0.0000030573
0.0000030572
0.0000030571
0.0000030571
0.0000030570
0.0000030569
0.0000030568
0.0000030567
0.0000030566
0.0000030566
0.0000030565
0.0000030564
0.0000030563
0.0000030562
0.0000030561
0.0000030561
0.0000030560
0.0000030559
0.0000030558
0.0000030557
0.0000030556
0.0000030556
0.0000030555
0.0000030554
0.0000030553
0.0000030552
0.0000030552
0.0000030551
0.0000030550
0.0000030549
0.0000030548
0.0000030547
0.0000030547
0.0000030546
0.0000030545
0.0000030544
0.0000030543
0.0000030542
0.0000030542
0.0000030541
0.0000030540
0.0000030539
0.0000030538
0.0000030537
0.0000030537
0.0000030536
0.0000030535
0.0000030534
0.0000030533
0.0000030532
0.0000030532
0.0000030531
0.0000030530
0.0000030529
0.0000030528
0.0000030528
0.0000030527
0.0000030526
0.0000030525
0.0000030524
0.0000030523
0.0000030523
0.0000030522
0.0000030521
0.0000030520
0.0000030519
0.0000030518
0.0000030518
0.0000030517
0.0000030516
0.0000030515
0.0000030514
0.0000030513
0.0000030513
0.0000030512
0.0000030511
0.0000030510
0.0000030509
0.0000030509
0.0000030508
0.0000030507
0.0000030506
0.0000030505
0.0000030504
0.0000030504
0.0000030503
0.0000030502
0.0000030501
0.0000030500
0.0000030499
0.0000030499
0.0000030498
0.0000030497
0.0000030496
0.0000030495
0.0000030495
0.0000030494
0.0000030493
0.0000030492
0.0000030491
0.0000030490
0.0000030490
0.0000030489
0.0000030488
0.0000030487
