0.0000040291
0.0000040290
0.0000040289
0.0000040288
0.0000040287
0.0000040285
0.0000040284
0.0000040283
0.0000040282
0.0000040281
0.0000040280
0.0000040278
0.0000040277
0.0000040276
0.0000040275
0.0000040274
0.0000040273
0.0000040271
0.0000040270
0.0000040269
0.0000040268
0.0000040267
0.0000040266
0.0000040264
0.0000040263
0.0000040262
0.0000040261
0.0000040260
0.0000040259
0.0000040257
0.0000040256
0.0000040255
0.0000040254
0.0000040253
0.0000040251
0.0000040250
0.0000040249
0.0000040248
0.0000040247
0.0000040246
0.0000040244
0.0000040243
0.0000040242
0.0000040241
0.0000040240
0.0000040239
0.0000040237
0.0000040236
0.0000040235
0.0000040234
0.0000040233
0.0000040232
0.0000040230
0.0000040229
0.0000040228
0.0000040227
0.0000040226
0.0000040225
0.0000040223
0.0000040222
0.0000040221
0.0000040220
0.0000040219
0.0000040218
0.0000040216
0.0000040215
0.0000040214
0.0000040213
0.0000040212
0.0000040211
0.0000040209
0.0000040208
0.0000040207
0.0000040206
0.0000040205
0.0000040204
0.0000040202
0.0000040201
0.0000040200
0.0000040199
0.0000040198
0.0000040197
0.0000040195
0.0000040194
0.0000040193
0.0000040192
0.0000040191
0.0000040190
0.0000040188
0.0000040187
0.0000040186
0.0000040185
0.0000040184
0.0000040183
0.0000040181
0.0000040180
0.0000040179
0.0000040178
0.0000040177
0.0000040176
0.0000040174
0.0000040173
0.0000040172
0.0000040171
0.0000040170
0.0000040169
0.0000040167
0.0000040166
0.0000040165
0.0000040164
0.0000040163
0.0000040161
0.0000040160
0.0000040159
0.0000040158
0.0000040157
0.0000040156
0.0000040154
0.0000040153
0.0000040152
0.0000040151
0.0000040150
0.0000040149
0.0000040147
0.0000040146
0.0000040145
0.0000040144
0.0000040143
0.0000040142
0.0000040141
0.0000040139
0.0000040138
0.0000040137
0.0000040136
0.0000040135
0.0000040134
0.0000040132
0.0000040131
0.0000040130
0.0000040129
0.0000040128
0.0000040127
0.0000040125
0.0000040124
0.0000040123
0.0000040122
0.0000040121
0.0000040120
0.0000040118
0.0000040117
0.0000040116
0.0000040115
0.0000040114
0.0000040113
0.0000040111
0.0000040110
0.0000040109
0.0000040108
0.0000040107
0.0000040106
0.0000040104
0.0000040103
0.0000040102
0.0000040101
0.0000040100
0.0000040099
0.0000040097
0.0000040096
0.0000040095
0.0000040094
0.0000040093
0.0000040092
0.0000040090
0.0000040089
0.0000040088
0.0000040087
0.0000040086
0.0000040085
0.0000040083
0.0000040082
0.0000040081
0.0000040080
0.0000040079
0.0000040078
0.0000040076
0.0000040075
0.0000040074
0.0000040073
0.0000040072
0.0000040071
0.0000040069
0.0000040068
0.0000040067
0.0000040066
0.0000040065
0.0000040064
0.0000040062
0.0000040061
0.0000040060
0.0000040059
0.0000040058
0.0000040057
0.0000040056
0.0000040054
0.0000040053
0.0000040052
0.0000040051
0.0000040050
0.0000040049
0.0000040047
0.0000040046
0.0000040045
0.0000040044
0.0000040043
0.0000040042
0.0000040040
0.0000040039
0.0000040038
0.0000040037
0.0000040036
0.0000040035
0.0000040033
0.0000040032
0.0000040031
0.0000040030
0.0000040029
0.0000040028
0.0000040026
0.0000040025
0.0000040024
0.0000040023
0.0000040022
0.0000040021
0.0000040019
0.0000040018
0.0000040017
0.0000040016
0.0000040015
0.0000040014
0.0000040013
0.0000040011
0.0000040010
0.0000040009
0.0000040008
0.0000040007
0.0000040006
0.0000040004
0.0000040003
0.0000040002
0.0000040001
0.0000040000
0.0000039999
0.0000039997
0.0000039996
0.0000039995
0.0000039994
0.0000039993
0.0000039992
0.0000039990
0.0000039989
0.0000039988
0.0000039987
0.0000039986
0.0000039985
0.0000039984
0.0000039982
0.0000039981
0.0000039980
0.0000039979
0.0000039978
0.0000039977
0.0000039975
0.0000039974
0.0000039973
0.0000039972
0.0000039971
0.0000039970
0.0000039968
0.0000039967
0.0000039966
0.0000039965
0.0000039964
0.0000039963
0.0000039961
0.0000039960
0.0000039959
0.0000039958
0.0000039957
0.0000039956
0.0000039955
0.0000039953
0.0000039952
0.0000039951
0.0000039950
0.0000039949
0.0000039948
0.0000039946
0.0000039945
0.0000039944
0.0000039943
0.0000039942
0.0000039941
0.0000039939
0.0000039938
0.0000039937
0.0000039936
0.0000039935
0.0000039934
0.0000039933
0.0000039931
0.0000039930
0.0000039929
0.0000039928
0.0000039927
0.0000039926
0.0000039924
0.0000039923
0.0000039922
0.0000039921
0.0000039920
0.0000039919
0.0000039917
0.0000039916
0.0000039915
0.0000039914
0.0000039913
0.0000039912
0.0000039911
0.0000039909
0.0000039908
0.0000039907
0.0000039906
0.0000039905
0.0000039904
0.0000039902
0.0000039901
0.0000039900
0.0000039899
0.0000039898
0.0000039897
0.0000039896
0.0000039894
0.0000039893
0.0000039892
0.0000039891
0.0000039890
0.0000039889
0.0000039887
0.0000039886
0.0000039885
0.0000039884
0.0000039883
0.0000039882
0.0000039880
0.0000039879
0.0000039878
0.0000039877
0.0000039876
0.0000039875
0.0000039874
0.0000039872
0.0000039871
0.0000039870
0.0000039869
0.0000039868
0.0000039867
0.0000039865
0.0000039864
0.0000039863
0.0000039862
0.0000039861
0.0000039860
0.0000039859
0.0000039857
0.0000039856
0.0000039855
0.0000039854
0.0000039853
0.0000039852
0.0000039850
0.0000039849
0.0000039848
0.0000039847
0.0000039846
0.0000039845
0.0000039844
0.0000039842
0.0000039841
0.0000039840
0.0000039839
0.0000039838
0.0000039837
0.0000039835
0.0000039834
0.0000039833
0.0000039832
0.0000039831
0.0000039830
0.0000039829
0.0000039827
0.0000039826
0.0000039825
0.0000039824
0.0000039823
0.0000039822
0.0000039820
0.0000039819
0.0000039818
0.0000039817
0.0000039816
0.0000039815
0.0000039814
0.0000039812
0.0000039811
0.0000039810
0.0000039809
0.0000039808
0.0000039807
0.0000039805
0.0000039804
0.0000039803
0.0000039802
0.0000039801
0.0000039800
0.0000039799
0.0000039797
0.0000039796
0.0000039795
0.0000039794
0.0000039793
0.0000039792
0.0000039791
0.0000039789
0.0000039788
0.0000039787
0.0000039786
0.0000039785
0.0000039784
0.0000039782
0.0000039781
0.0000039780
0.0000039779
0.0000039778
0.0000039777
0.0000039776
0.0000039774
0.0000039773
0.0000039772
0.0000039771
0.0000039770
0.0000039769
0.0000039767
0.0000039766
0.0000039765
0.0000039764
0.0000039763
0.0000039762
0.0000039761
0.0000039759
0.0000039758
0.0000039757
0.0000039756
0.0000039755
0.0000039754
0.0000039753
0.0000039751
0.0000039750
0.0000039749
0.0000039748
0.0000039747
0.0000039746
0.0000039744
0.0000039743
0.0000039742
0.0000039741
0.0000039740
0.0000039739
0.0000039738
0.0000039736
0.0000039735
0.0000039734
0.0000039733
0.0000039732
0.0000039731
0.0000039730
0.0000039728
0.0000039727
0.0000039726
0.0000039725
0.0000039724
0.0000039723
0.0000039721
0.0000039720
0.0000039719
0.0000039718
0.0000039717
0.0000039716
0.0000039715
0.0000039713
0.0000039712
0.0000039711
0.0000039710
0.0000039709
0.0000039708
0.0000039707
0.0000039705
0.0000039704
0.0000039703
0.0000039702
0.0000039701
0.0000039700
0.0000039699
0.0000039697
0.0000039696
0.0000039695
0.0000039694
0.0000039693
0.0000039692
0.0000039690
0.0000039689
0.0000039688
0.0000039687
0.0000039686
0.0000039685
0.0000039684
0.0000039682
0.0000039681
0.0000039680
0.0000039679
0.0000039678
0.0000039677
0.0000039676
0.0000039674
0.0000039673
0.0000039672
0.0000039671
0.0000039670
0.0000039669
0.0000039668
0.0000039666
0.0000039665
0.0000039664
0.0000039663
0.0000039662
0.0000039661
0.0000039660
0.0000039658
0.0000039657
0.0000039656
0.0000039655
0.0000039654
0.0000039653
0.0000039651
0.0000039650
0.0000039649
0.0000039648
0.0000039647
0.0000039646
0.0000039645
0.0000039643
0.0000039642
0.0000039641
0.0000039640
0.0000039639
0.0000039638
0.0000039637
0.0000039635
0.0000039634
0.0000039633
0.0000039632
0.0000039631
0.0000039630
0.0000039629
0.0000039627
0.0000039626
0.0000039625
0.0000039624
0.0000039623
0.0000039622
0.0000039621
0.0000039619
0.0000039618
0.0000039617
0.0000039616
0.0000039615
0.0000039614
0.0000039613
0.0000039611
0.0000039610
0.0000039609
0.0000039608
0.0000039607
0.0000039606
0.0000039605
0.0000039603
0.0000039602
0.0000039601
0.0000039600
0.0000039599
0.0000039598
0.0000039597
0.0000039595
0.0000039594
0.0000039593
0.0000039592
0.0000039591
0.0000039590
0.0000039589
0.0000039587
0.0000039586
0.0000039585
0.0000039584
0.0000039583
0.0000039582
0.0000039580
0.0000039579
0.0000039578
0.0000039577
0.0000039576
0.0000039575
0.0000039574
0.0000039572
0.0000039571
0.0000039570
0.0000039569
0.0000039568
0.0000039567
0.0000039566
0.0000039564
0.0000039563
0.0000039562
0.0000039561
0.0000039560
0.0000039559
0.0000039558
0.0000039556
0.0000039555
0.0000039554
0.0000039553
0.0000039552
0.0000039551
0.0000039550
0.0000039548
0.0000039547
0.0000039546
0.0000039545
0.0000039544
0.0000039543
0.0000039542
0.0000039541
0.0000039539
0.0000039538
0.0000039537
0.0000039536
0.0000039535
0.0000039534
0.0000039533
0.0000039531
0.0000039530
0.0000039529
0.0000039528
0.0000039527
0.0000039526
0.0000039525
0.0000039523
0.0000039522
0.0000039521
0.0000039520
0.0000039519
0.0000039518
0.0000039517
0.0000039515
0.0000039514
0.0000039513
0.0000039512
0.0000039511
0.0000039510
0.0000039509
0.0000039507
0.0000039506
0.0000039505
0.0000039504
0.0000039503
0.0000039502
0.0000039501
0.0000039499
0.0000039498
0.0000039497
0.0000039496
0.0000039495
0.0000039494
0.0000039493
0.0000039491
0.0000039490
0.0000039489
0.0000039488
0.0000039487
0.0000039486
0.0000039485
0.0000039483
0.0000039482
0.0000039481
0.0000039480
0.0000039479
0.0000039478
0.0000039477
0.0000039475
0.0000039474
0.0000039473
0.0000039472
0.0000039471
0.0000039470
0.0000039469
0.0000039468
0.0000039466
0.0000039465
0.0000039464
0.0000039463
0.0000039462
0.0000039461
0.0000039460
0.0000039458
0.0000039457
0.0000039456
0.0000039455
0.0000039454
0.0000039453
0.0000039452
0.0000039450
0.0000039449
0.0000039448
0.0000039447
0.0000039446
0.0000039445
0.0000039444
0.0000039442
0.0000039441
0.0000039440
0.0000039439
0.0000039438
0.0000039437
0.0000039436
0.0000039435
0.0000039433
0.0000039432
0.0000039431
0.0000039430
0.0000039429
0.0000039428
0.0000039427
0.0000039425
0.0000039424
0.0000039423
0.0000039422
0.0000039421
0.0000039420
0.0000039419
0.0000039417
0.0000039416
0.0000039415
0.0000039414
0.0000039413
0.0000039412
0.0000039411
0.0000039409
0.0000039408
0.0000039407
0.0000039406
0.0000039405
0.0000039404
0.0000039403
0.0000039402
0.0000039400
0.0000039399
0.0000039398
0.0000039397
0.0000039396
0.0000039395
0.0000039394
0.0000039392
0.0000039391
0.0000039390
0.0000039389
0.0000039388
0.0000039387
0.0000039386
0.0000039385
0.0000039383
0.0000039382
0.0000039381
0.0000039380
0.0000039379
0.0000039378
0.0000039377
0.0000039375
0.0000039374
0.0000039373
0.0000039372
0.0000039371
0.0000039370
0.0000039369
0.0000039367
0.0000039366
0.0000039365
0.0000039364
0.0000039363
0.0000039362
0.0000039361
0.0000039360
0.0000039358
0.0000039357
0.0000039356
0.0000039355
0.0000039354
0.0000039353
0.0000039352
0.0000039350
0.0000039349
0.0000039348
0.0000039347
0.0000039346
0.0000039345
0.0000039344
0.0000039343
0.0000039341
0.0000039340
0.0000039339
0.0000039338
0.0000039337
0.0000039336
0.0000039335
0.0000039333
0.0000039332
0.0000039331
0.0000039330
0.0000039329
0.0000039328
0.0000039327
0.0000039326
0.0000039324
0.0000039323
0.0000039322
0.0000039321
0.0000039320
0.0000039319
0.0000039318
0.0000039316
0.0000039315
0.0000039314
0.0000039313
0.0000039312
0.0000039311
0.0000039310
0.0000039309
0.0000039307
0.0000039306
0.0000039305
0.0000039304
0.0000039303
0.0000039302
0.0000039301
0.0000039299
0.0000039298
0.0000039297
0.0000039296
0.0000039295
0.0000039294
0.0000039293
0.0000039292
0.0000039290
0.0000039289
0.0000039288
0.0000039287
0.0000039286
0.0000039285
0.0000039284
0.0000039282
0.0000039281
0.0000039280
0.0000039279
0.0000039278
0.0000039277
0.0000039276
0.0000039275
0.0000039273
0.0000039272
0.0000039271
0.0000039270
0.0000039269
0.0000039268
0.0000039267
0.0000039266
0.0000039264
0.0000039263
0.0000039262
0.0000039261
0.0000039260
0.0000039259
0.0000039258
0.0000039256
0.0000039255
0.0000039254
0.0000039253
0.0000039252
0.0000039251
0.0000039250
0.0000039249
0.0000039247
0.0000039246
0.0000039245
0.0000039244
0.0000039243
0.0000039242
0.0000039241
0.0000039240
0.0000039238
0.0000039237
0.0000039236
0.0000039235
0.0000039234
0.0000039233
0.0000039232
0.0000039230
0.0000039229
0.0000039228
0.0000039227
0.0000039226
0.0000039225
0.0000039224
0.0000039223
0.0000039221
0.0000039220
0.0000039219
0.0000039218
0.0000039217
0.0000039216
0.0000039215
0.0000039214
0.0000039212
0.0000039211
0.0000039210
0.0000039209
0.0000039208
0.0000039207
0.0000039206
0.0000039205
0.0000039203
0.0000039202
0.0000039201
0.0000039200
0.0000039199
0.0000039198
0.0000039197
0.0000039195
0.0000039194
0.0000039193
0.0000039192
0.0000039191
0.0000039190
0.0000039189
0.0000039188
0.0000039186
0.0000039185
0.0000039184
0.0000039183
0.0000039182
0.0000039181
0.0000039180
0.0000039179
0.0000039177
0.0000039176
0.0000039175
0.0000039174
0.0000039173
0.0000039172
0.0000039171
0.0000039170
0.0000039168
0.0000039167
0.0000039166
0.0000039165
0.0000039164
0.0000039163
0.0000039162
0.0000039161
0.0000039159
0.0000039158
0.0000039157
0.0000039156
0.0000039155
0.0000039154
0.0000039153
0.0000039152
0.0000039150
0.0000039149
0.0000039148
0.0000039147
0.0000039146
0.0000039145
0.0000039144
0.0000039143
0.0000039141
0.0000039140
0.0000039139
0.0000039138
0.0000039137
0.0000039136
0.0000039135
0.0000039134
0.0000039132
0.0000039131
0.0000039130
0.0000039129
0.0000039128
0.0000039127
0.0000039126
0.0000039125
0.0000039123
0.0000039122
0.0000039121
0.0000039120
0.0000039119
0.0000039118
0.0000039117
0.0000039116
0.0000039114
0.0000039113
0.0000039112
0.0000039111
0.0000039110
0.0000039109
0.0000039108
0.0000039107
0.0000039105
0.0000039104
0.0000039103
0.0000039102
0.0000039101
0.0000039100
0.0000039099
0.0000039098
0.0000039096
0.0000039095
0.0000039094
0.0000039093
0.0000039092
0.0000039091
0.0000039090
0.0000039089
0.0000039087
0.0000039086
0.0000039085
0.0000039084
0.0000039083
0.0000039082
0.0000039081
0.0000039080
0.0000039078
0.0000039077
0.0000039076
0.0000039075
0.0000039074
0.0000039073
0.0000039072
0.0000039071
0.0000039069
0.0000039068
0.0000039067
0.0000039066
0.0000039065
0.0000039064
0.0000039063
0.0000039062
0.0000039060
0.0000039059
0.0000039058
0.0000039057
0.0000039056
0.0000039055
0.0000039054
0.0000039053
0.0000039051
0.0000039050
0.0000039049
0.0000039048
0.0000039047
0.0000039046
0.0000039045
0.0000039044
0.0000039042
0.0000039041
0.0000039040
0.0000039039
0.0000039038
0.0000039037
0.0000039036
0.0000039035
0.0000039034
0.0000039032
0.0000039031
0.0000039030
0.0000039029
0.0000039028
0.0000039027
0.0000039026
0.0000039025
0.0000039023
0.0000039022
0.0000039021
0.0000039020
0.0000039019
0.0000039018
0.0000039017
0.0000039016
0.0000039014
0.0000039013
0.0000039012
0.0000039011
0.0000039010
0.0000039009
0.0000039008
0.0000039007
0.0000039005
0.0000039004
0.0000039003
0.0000039002
0.0000039001
0.0000039000
0.0000038999
0.0000038998
0.0000038997
0.0000038995
0.0000038994
0.0000038993
0.0000038992
0.0000038991
0.0000038990
0.0000038989
0.0000038988
0.0000038986
0.0000038985
0.0000038984
0.0000038983
0.0000038982
0.0000038981
0.0000038980
0.0000038979
0.0000038977
0.0000038976
0.0000038975
0.0000038974
0.0000038973
0.0000038972
0.0000038971
0.0000038970
0.0000038969
0.0000038967
0.0000038966
0.0000038965
0.0000038964
0.0000038963
0.0000038962
0.0000038961
0.0000038960
0.0000038958
0.0000038957
0.0000038956
0.0000038955
0.0000038954
0.0000038953
0.0000038952
0.0000038951
0.0000038949
0.0000038948
0.0000038947
0.0000038946
0.0000038945
0.0000038944
0.0000038943
0.0000038942
0.0000038941
0.0000038939
0.0000038938
0.0000038937
0.0000038936
0.0000038935
0.0000038934
0.0000038933
0.0000038932
0.0000038930
0.0000038929
0.0000038928
0.0000038927
0.0000038926
0.0000038925
0.0000038924
0.0000038923
0.0000038922
0.0000038920
0.0000038919
0.0000038918
0.0000038917
0.0000038916
0.0000038915
0.0000038914
0.0000038913
0.0000038911
0.0000038910
0.0000038909
0.0000038908
0.0000038907
0.0000038906
0.0000038905
0.0000038904
0.0000038903
0.0000038901
0.0000038900
0.0000038899
0.0000038898
0.0000038897
0.0000038896
0.0000038895
0.0000038894
0.0000038893
0.0000038891
0.0000038890
0.0000038889
0.0000038888
0.0000038887
0.0000038886
0.0000038885
0.0000038884
0.0000038882
0.0000038881
0.0000038880
0.0000038879
0.0000038878
0.0000038877
0.0000038876
0.0000038875
0.0000038874
0.0000038872
0.0000038871
0.0000038870
0.0000038869
0.0000038868
0.0000038867
0.0000038866
0.0000038865
0.0000038864
0.0000038862
0.0000038861
0.0000038860
0.0000038859
0.0000038858
0.0000038857
0.0000038856
0.0000038855
0.0000038853
0.0000038852
0.0000038851
0.0000038850
0.0000038849
0.0000038848
0.0000038847
0.0000038846
0.0000038845
0.0000038843
0.0000038842
0.0000038841
0.0000038840
0.0000038839
0.0000038838
0.0000038837
0.0000038836
0.0000038835
0.0000038833
0.0000038832
0.0000038831
0.0000038830
0.0000038829
0.0000038828
0.0000038827
0.0000038826
0.0000038825
0.0000038823
0.0000038822
0.0000038821
0.0000038820
0.0000038819
0.0000038818
0.0000038817
0.0000038816
0.0000038814
0.0000038813
0.0000038812
0.0000038811
0.0000038810
0.0000038809
0.0000038808
0.0000038807
0.0000038806
0.0000038804
0.0000038803
0.0000038802
0.0000038801
0.0000038800
0.0000038799
0.0000038798
0.0000038797
0.0000038796
0.0000038794
0.0000038793
0.0000038792
0.0000038791
0.0000038790
0.0000038789
0.0000038788
0.0000038787
0.0000038786
0.0000038784
0.0000038783
0.0000038782
0.0000038781
0.0000038780
0.0000038779
0.0000038778
0.0000038777
0.0000038776
0.0000038774
0.0000038773
0.0000038772
0.0000038771
0.0000038770
0.0000038769
0.0000038768
0.0000038767
0.0000038766
0.0000038764
0.0000038763
0.0000038762
0.0000038761
0.0000038760
0.0000038759
0.0000038758
0.0000038757
0.0000038756
0.0000038754
0.0000038753
0.0000038752
0.0000038751
0.0000038750
0.0000038749
0.0000038748
0.0000038747
0.0000038746
0.0000038744
0.0000038743
0.0000038742
0.0000038741
0.0000038740
0.0000038739
0.0000038738
0.0000038737
0.0000038736
0.0000038734
0.0000038733
0.0000038732
0.0000038731
0.0000038730
0.0000038729
0.0000038728
0.0000038727
0.0000038726
0.0000038724
0.0000038723
0.0000038722
0.0000038721
0.0000038720
0.0000038719
0.0000038718
0.0000038717
0.0000038716
0.0000038714
0.0000038713
0.0000038712
0.0000038711
0.0000038710
0.0000038709
0.0000038708
0.0000038707
0.0000038706
0.0000038704
0.0000038703
0.0000038702
0.0000038701
0.0000038700
0.0000038699
0.0000038698
0.0000038697
0.0000038696
0.0000038695
0.0000038693
0.0000038692
0.0000038691
0.0000038690
0.0000038689
0.0000038688
0.0000038687
0.0000038686
0.0000038685
0.0000038683
0.0000038682
0.0000038681
0.0000038680
0.0000038679
0.0000038678
0.0000038677
0.0000038676
0.0000038675
0.0000038673
0.0000038672
0.0000038671
0.0000038670
0.0000038669
0.0000038668
0.0000038667
0.0000038666
0.0000038665
0.0000038663
0.0000038662
0.0000038661
0.0000038660
0.0000038659
0.0000038658
0.0000038657
0.0000038656
0.0000038655
0.0000038654
0.0000038652
0.0000038651
0.0000038650
0.0000038649
0.0000038648
0.0000038647
0.0000038646
0.0000038645
0.0000038644
0.0000038642
0.0000038641
0.0000038640
0.0000038639
0.0000038638
0.0000038637
0.0000038636
0.0000038635
0.0000038634
0.0000038633
0.0000038631
0.0000038630
0.0000038629
0.0000038628
0.0000038627
0.0000038626
0.0000038625
0.0000038624
0.0000038623
0.0000038621
0.0000038620
0.0000038619
0.0000038618
0.0000038617
0.0000038616
0.0000038615
0.0000038614
0.0000038613
0.0000038612
0.0000038610
0.0000038609
0.0000038608
0.0000038607
0.0000038606
0.0000038605
0.0000038604
0.0000038603
0.0000038602
0.0000038600
0.0000038599
0.0000038598
0.0000038597
0.0000038596
0.0000038595
0.0000038594
0.0000038593
0.0000038592
0.0000038591
0.0000038589
0.0000038588
0.0000038587
0.0000038586
0.0000038585
0.0000038584
0.0000038583
0.0000038582
0.0000038581
0.0000038579
0.0000038578
0.0000038577
0.0000038576
0.0000038575
0.0000038574
0.0000038573
0.0000038572
0.0000038571
0.0000038570
0.0000038568
0.0000038567
0.0000038566
0.0000038565
0.0000038564
0.0000038563
0.0000038562
0.0000038561
0.0000038560
0.0000038558
0.0000038557
0.0000038556
0.0000038555
0.0000038554
0.0000038553
0.0000038552
0.0000038551
0.0000038550
0.0000038549
0.0000038547
0.0000038546
0.0000038545
0.0000038544
0.0000038543
0.0000038542
0.0000038541
0.0000038540
0.0000038539
0.0000038538
0.0000038536
0.0000038535
0.0000038534
0.0000038533
0.0000038532
0.0000038531
0.0000038530
0.0000038529
0.0000038528
0.0000038527
0.0000038525
0.0000038524
0.0000038523
0.0000038522
0.0000038521
0.0000038520
0.0000038519
0.0000038518
0.0000038517
0.0000038516
0.0000038514
0.0000038513
0.0000038512
0.0000038511
0.0000038510
0.0000038509
0.0000038508
0.0000038507
0.0000038506
0.0000038504
0.0000038503
0.0000038502
0.0000038501
0.0000038500
0.0000038499
0.0000038498
0.0000038497
0.0000038496
0.0000038495
0.0000038493
0.0000038492
0.0000038491
0.0000038490
0.0000038489
0.0000038488
0.0000038487
0.0000038486
0.0000038485
0.0000038484
0.0000038482
0.0000038481
0.0000038480
0.0000038479
0.0000038478
0.0000038477
0.0000038476
0.0000038475
0.0000038474
0.0000038473
0.0000038471
0.0000038470
0.0000038469
0.0000038468
0.0000038467
0.0000038466
0.0000038465
0.0000038464
0.0000038463
0.0000038462
0.0000038460
0.0000038459
0.0000038458
0.0000038457
0.0000038456
0.0000038455
0.0000038454
0.0000038453
0.0000038452
0.0000038451
0.0000038449
0.0000038448
0.0000038447
0.0000038446
0.0000038445
0.0000038444
0.0000038443
0.0000038442
0.0000038441
0.0000038440
0.0000038439
0.0000038437
0.0000038436
0.0000038435
0.0000038434
0.0000038433
0.0000038432
0.0000038431
0.0000038430
0.0000038429
0.0000038428
0.0000038426
0.0000038425
0.0000038424
0.0000038423
0.0000038422
0.0000038421
0.0000038420
0.0000038419
0.0000038418
0.0000038417
0.0000038415
0.0000038414
0.0000038413
0.0000038412
0.0000038411
0.0000038410
0.0000038409
0.0000038408
0.0000038407
0.0000038406
0.0000038404
0.0000038403
0.0000038402
0.0000038401
0.0000038400
0.0000038399
0.0000038398
0.0000038397
0.0000038396
0.0000038395
0.0000038393
0.0000038392
0.0000038391
0.0000038390
0.0000038389
0.0000038388
0.0000038387
0.0000038386
0.0000038385
0.0000038384
0.0000038383
0.0000038381
0.0000038380
0.0000038379
0.0000038378
0.0000038377
0.0000038376
0.0000038375
0.0000038374
0.0000038373
0.0000038372
0.0000038370
0.0000038369
0.0000038368
0.0000038367
0.0000038366
0.0000038365
0.0000038364
0.0000038363
0.0000038362
0.0000038361
0.0000038360
0.0000038358
0.0000038357
0.0000038356
0.0000038355
0.0000038354
0.0000038353
0.0000038352
0.0000038351
0.0000038350
0.0000038349
0.0000038347
0.0000038346
0.0000038345
0.0000038344
0.0000038343
0.0000038342
0.0000038341
0.0000038340
0.0000038339
0.0000038338
0.0000038337
0.0000038335
0.0000038334
0.0000038333
0.0000038332
0.0000038331
0.0000038330
0.0000038329
0.0000038328
0.0000038327
0.0000038326
0.0000038324
0.0000038323
0.0000038322
0.0000038321
0.0000038320
0.0000038319
0.0000038318
0.0000038317
0.0000038316
0.0000038315
0.0000038314
0.0000038312
0.0000038311
0.0000038310
0.0000038309
0.0000038308
0.0000038307
0.0000038306
0.0000038305
0.0000038304
0.0000038303
0.0000038302
0.0000038300
0.0000038299
0.0000038298
0.0000038297
0.0000038296
0.0000038295
0.0000038294
0.0000038293
0.0000038292
0.0000038291
0.0000038289
0.0000038288
0.0000038287
0.0000038286
0.0000038285
0.0000038284
0.0000038283
0.0000038282
0.0000038281
0.0000038280
0.0000038279
0.0000038277
0.0000038276
0.0000038275
0.0000038274
0.0000038273
0.0000038272
0.0000038271
0.0000038270
0.0000038269
0.0000038268
0.0000038267
0.0000038265
0.0000038264
0.0000038263
0.0000038262
0.0000038261
0.0000038260
0.0000038259
0.0000038258
0.0000038257
0.0000038256
0.0000038255
0.0000038253
0.0000038252
0.0000038251
0.0000038250
0.0000038249
0.0000038248
0.0000038247
0.0000038246
0.0000038245
0.0000038244
0.0000038243
0.0000038241
0.0000038240
0.0000038239
0.0000038238
0.0000038237
0.0000038236
0.0000038235
0.0000038234
0.0000038233
0.0000038232
0.0000038231
0.0000038229
0.0000038228
0.0000038227
0.0000038226
0.0000038225
0.0000038224
0.0000038223
0.0000038222
0.0000038221
0.0000038220
0.0000038219
0.0000038217
0.0000038216
0.0000038215
0.0000038214
0.0000038213
0.0000038212
0.0000038211
0.0000038210
0.0000038209
0.0000038208
0.0000038207
0.0000038205
0.0000038204
0.0000038203
0.0000038202
0.0000038201
0.0000038200
0.0000038199
0.0000038198
0.0000038197
0.0000038196
0.0000038195
0.0000038193
0.0000038192
0.0000038191
0.0000038190
0.0000038189
0.0000038188
0.0000038187
0.0000038186
0.0000038185
0.0000038184
0.0000038183
0.0000038181
0.0000038180
0.0000038179
0.0000038178
0.0000038177
0.0000038176
0.0000038175
0.0000038174
0.0000038173
0.0000038172
0.0000038171
0.0000038170
0.0000038168
0.0000038167
0.0000038166
0.0000038165
0.0000038164
0.0000038163
0.0000038162
0.0000038161
0.0000038160
0.0000038159
0.0000038158
0.0000038156
0.0000038155
0.0000038154
0.0000038153
0.0000038152
0.0000038151
0.0000038150
0.0000038149
0.0000038148
0.0000038147
0.0000038146
0.0000038144
0.0000038143
0.0000038142
0.0000038141
0.0000038140
0.0000038139
0.0000038138
0.0000038137
0.0000038136
0.0000038135
0.0000038134
0.0000038133
0.0000038131
0.0000038130
0.0000038129
0.0000038128
0.0000038127
0.0000038126
0.0000038125
0.0000038124
0.0000038123
0.0000038122
0.0000038121
0.0000038119
0.0000038118
0.0000038117
0.0000038116
0.0000038115
0.0000038114
0.0000038113
0.0000038112
0.0000038111
0.0000038110
0.0000038109
0.0000038108
0.0000038106
0.0000038105
0.0000038104
0.0000038103
0.0000038102
0.0000038101
0.0000038100
0.0000038099
0.0000038098
0.0000038097
0.0000038096
0.0000038095
0.0000038093
0.0000038092
0.0000038091
0.0000038090
0.0000038089
0.0000038088
0.0000038087
0.0000038086
0.0000038085
0.0000038084
0.0000038083
0.0000038082
0.0000038080
0.0000038079
0.0000038078
0.0000038077
0.0000038076
0.0000038075
0.0000038074
0.0000038073
0.0000038072
0.0000038071
0.0000038070
0.0000038068
0.0000038067
0.0000038066
0.0000038065
0.0000038064
0.0000038063
0.0000038062
0.0000038061
0.0000038060
0.0000038059
0.0000038058
0.0000038057
0.0000038055
0.0000038054
0.0000038053
0.0000038052
0.0000038051
0.0000038050
0.0000038049
0.0000038048
0.0000038047
0.0000038046
0.0000038045
0.0000038044
0.0000038042
0.0000038041
0.0000038040
0.0000038039
0.0000038038
0.0000038037
0.0000038036
0.0000038035
0.0000038034
0.0000038033
0.0000038032
0.0000038031
0.0000038029
0.0000038028
0.0000038027
0.0000038026
0.0000038025
0.0000038024
0.0000038023
0.0000038022
0.0000038021
0.0000038020
0.0000038019
0.0000038018
0.0000038016
0.0000038015
0.0000038014
0.0000038013
0.0000038012
0.0000038011
0.0000038010
0.0000038009
0.0000038008
0.0000038007
0.0000038006
0.0000038005
0.0000038003
0.0000038002
0.0000038001
0.0000038000
0.0000037999
0.0000037998
0.0000037997
0.0000037996
0.0000037995
0.0000037994
0.0000037993
0.0000037992
0.0000037991
0.0000037989
0.0000037988
0.0000037987
0.0000037986
0.0000037985
0.0000037984
0.0000037983
0.0000037982
0.0000037981
0.0000037980
0.0000037979
0.0000037978
0.0000037976
0.0000037975
0.0000037974
0.0000037973
0.0000037972
0.0000037971
0.0000037970
0.0000037969
0.0000037968
0.0000037967
0.0000037966
0.0000037965
0.0000037963
0.0000037962
0.0000037961
0.0000037960
0.0000037959
0.0000037958
0.0000037957
0.0000037956
0.0000037955
0.0000037954
0.0000037953
0.0000037952
0.0000037951
0.0000037949
0.0000037948
0.0000037947
0.0000037946
0.0000037945
0.0000037944
0.0000037943
0.0000037942
0.0000037941
0.0000037940
0.0000037939
0.0000037938
0.0000037936
0.0000037935
0.0000037934
0.0000037933
0.0000037932
0.0000037931
0.0000037930
0.0000037929
0.0000037928
0.0000037927
0.0000037926
0.0000037925
0.0000037924
0.0000037922
0.0000037921
0.0000037920
0.0000037919
0.0000037918
0.0000037917
0.0000037916
0.0000037915
0.0000037914
0.0000037913
0.0000037912
0.0000037911
0.0000037910
0.0000037908
0.0000037907
0.0000037906
0.0000037905
0.0000037904
0.0000037903
0.0000037902
0.0000037901
0.0000037900
0.0000037899
0.0000037898
0.0000037897
0.0000037895
0.0000037894
0.0000037893
0.0000037892
0.0000037891
0.0000037890
0.0000037889
0.0000037888
0.0000037887
0.0000037886
0.0000037885
0.0000037884
0.0000037883
0.0000037881
0.0000037880
0.0000037879
0.0000037878
0.0000037877
0.0000037876
0.0000037875
0.0000037874
0.0000037873
0.0000037872
0.0000037871
0.0000037870
0.0000037869
0.0000037867
0.0000037866
0.0000037865
0.0000037864
0.0000037863
0.0000037862
0.0000037861
0.0000037860
0.0000037859
0.0000037858
0.0000037857
0.0000037856
0.0000037855
0.0000037853
0.0000037852
0.0000037851
0.0000037850
0.0000037849
0.0000037848
0.0000037847
0.0000037846
0.0000037845
0.0000037844
0.0000037843
0.0000037842
0.0000037841
0.0000037840
0.0000037838
0.0000037837
0.0000037836
0.0000037835
0.0000037834
0.0000037833
0.0000037832
0.0000037831
0.0000037830
0.0000037829
0.0000037828
0.0000037827
0.0000037826
0.0000037824
0.0000037823
0.0000037822
0.0000037821
0.0000037820
0.0000037819
0.0000037818
0.0000037817
0.0000037816
0.0000037815
0.0000037814
0.0000037813
0.0000037812
0.0000037810
0.0000037809
0.0000037808
0.0000037807
0.0000037806
0.0000037805
0.0000037804
0.0000037803
0.0000037802
0.0000037801
0.0000037800
0.0000037799
0.0000037798
0.0000037797
0.0000037795
0.0000037794
0.0000037793
0.0000037792
0.0000037791
0.0000037790
0.0000037789
0.0000037788
0.0000037787
0.0000037786
0.0000037785
0.0000037784
0.0000037783
0.0000037781
0.0000037780
0.0000037779
0.0000037778
0.0000037777
0.0000037776
0.0000037775
0.0000037774
0.0000037773
0.0000037772
0.0000037771
0.0000037770
0.0000037769
0.0000037768
0.0000037766
0.0000037765
0.0000037764
0.0000037763
0.0000037762
0.0000037761
0.0000037760
0.0000037759
0.0000037758
0.0000037757
0.0000037756
0.0000037755
0.0000037754
0.0000037752
0.0000037751
0.0000037750
0.0000037749
0.0000037748
0.0000037747
0.0000037746
0.0000037745
0.0000037744
0.0000037743
0.0000037742
0.0000037741
0.0000037740
0.0000037739
0.0000037737
0.0000037736
0.0000037735
0.0000037734
0.0000037733
0.0000037732
0.0000037731
0.0000037730
0.0000037729
0.0000037728
0.0000037727
0.0000037726
0.0000037725
0.0000037724
0.0000037722
0.0000037721
0.0000037720
0.0000037719
0.0000037718
0.0000037717
0.0000037716
0.0000037715
0.0000037714
0.0000037713
0.0000037712
0.0000037711
0.0000037710
0.0000037709
0.0000037707
0.0000037706
0.0000037705
0.0000037704
0.0000037703
0.0000037702
0.0000037701
0.0000037700
0.0000037699
0.0000037698
0.0000037697
0.0000037696
0.0000037695
0.0000037694
0.0000037693
0.0000037691
0.0000037690
0.0000037689
0.0000037688
0.0000037687
0.0000037686
0.0000037685
0.0000037684
0.0000037683
0.0000037682
0.0000037681
0.0000037680
0.0000037679
0.0000037678
0.0000037676
0.0000037675
0.0000037674
0.0000037673
0.0000037672
0.0000037671
0.0000037670
0.0000037669
0.0000037668
0.0000037667
0.0000037666
0.0000037665
0.0000037664
0.0000037663
0.0000037661
0.0000037660
0.0000037659
0.0000037658
0.0000037657
0.0000037656
0.0000037655
0.0000037654
0.0000037653
0.0000037652
0.0000037651
0.0000037650
0.0000037649
0.0000037648
0.0000037647
0.0000037645
0.0000037644
0.0000037643
0.0000037642
0.0000037641
0.0000037640
0.0000037639
0.0000037638
0.0000037637
0.0000037636
0.0000037635
0.0000037634
0.0000037633
0.0000037632
0.0000037630
0.0000037629
0.0000037628
0.0000037627
0.0000037626
0.0000037625
0.0000037624
0.0000037623
0.0000037622
0.0000037621
0.0000037620
0.0000037619
0.0000037618
0.0000037617
0.0000037616
0.0000037614
0.0000037613
0.0000037612
0.0000037611
0.0000037610
0.0000037609
0.0000037608
0.0000037607
0.0000037606
0.0000037605
0.0000037604
0.0000037603
0.0000037602
0.0000037601
0.0000037600
0.0000037598
0.0000037597
0.0000037596
0.0000037595
0.0000037594
0.0000037593
0.0000037592
0.0000037591
0.0000037590
0.0000037589
0.0000037588
0.0000037587
0.0000037586
0.0000037585
0.0000037584
0.0000037582
0.0000037581
0.0000037580
0.0000037579
0.0000037578
0.0000037577
0.0000037576
0.0000037575
0.0000037574
0.0000037573
0.0000037572
0.0000037571
0.0000037570
0.0000037569
0.0000037568
0.0000037566
0.0000037565
0.0000037564
0.0000037563
0.0000037562
0.0000037561
0.0000037560
0.0000037559
0.0000037558
0.0000037557
0.0000037556
0.0000037555
0.0000037554
0.0000037553
0.0000037552
0.0000037551
0.0000037549
0.0000037548
0.0000037547
0.0000037546
0.0000037545
0.0000037544
0.0000037543
0.0000037542
0.0000037541
0.0000037540
0.0000037539
0.0000037538
0.0000037537
0.0000037536
0.0000037535
0.0000037533
0.0000037532
0.0000037531
0.0000037530
0.0000037529
0.0000037528
0.0000037527
0.0000037526
0.0000037525
0.0000037524
0.0000037523
0.0000037522
0.0000037521
0.0000037520
0.0000037519
0.0000037518
0.0000037516
0.0000037515
0.0000037514
0.0000037513
0.0000037512
0.0000037511
0.0000037510
0.0000037509
0.0000037508
0.0000037507
0.0000037506
0.0000037505
0.0000037504
0.0000037503
0.0000037502
0.0000037501
0.0000037499
0.0000037498
0.0000037497
0.0000037496
0.0000037495
0.0000037494
0.0000037493
0.0000037492
0.0000037491
0.0000037490
0.0000037489
0.0000037488
0.0000037487
0.0000037486
0.0000037485
0.0000037484
0.0000037482
0.0000037481
0.0000037480
0.0000037479
0.0000037478
0.0000037477
0.0000037476
0.0000037475
0.0000037474
0.0000037473
0.0000037472
0.0000037471
0.0000037470
0.0000037469
0.0000037468
0.0000037467
0.0000037465
0.0000037464
0.0000037463
0.0000037462
0.0000037461
0.0000037460
0.0000037459
0.0000037458
0.0000037457
0.0000037456
0.0000037455
0.0000037454
0.0000037453
0.0000037452
0.0000037451
0.0000037450
0.0000037448
0.0000037447
0.0000037446
0.0000037445
0.0000037444
0.0000037443
0.0000037442
0.0000037441
0.0000037440
0.0000037439
0.0000037438
0.0000037437
0.0000037436
0.0000037435
0.0000037434
0.0000037433
0.0000037431
0.0000037430
0.0000037429
0.0000037428
0.0000037427
0.0000037426
0.0000037425
0.0000037424
0.0000037423
0.0000037422
0.0000037421
0.0000037420
0.0000037419
0.0000037418
0.0000037417
0.0000037416
0.0000037415
0.0000037413
0.0000037412
0.0000037411
0.0000037410
0.0000037409
0.0000037408
0.0000037407
0.0000037406
0.0000037405
0.0000037404
0.0000037403
0.0000037402
0.0000037401
0.0000037400
0.0000037399
0.0000037398
0.0000037397
0.0000037395
0.0000037394
0.0000037393
0.0000037392
0.0000037391
0.0000037390
0.0000037389
0.0000037388
0.0000037387
0.0000037386
0.0000037385
0.0000037384
0.0000037383
0.0000037382
0.0000037381
0.0000037380
0.0000037379
0.0000037377
0.0000037376
0.0000037375
0.0000037374
0.0000037373
0.0000037372
0.0000037371
0.0000037370
0.0000037369
0.0000037368
0.0000037367
0.0000037366
0.0000037365
0.0000037364
0.0000037363
0.0000037362
0.0000037361
0.0000037359
0.0000037358
0.0000037357
0.0000037356
0.0000037355
0.0000037354
0.0000037353
0.0000037352
0.0000037351
0.0000037350
0.0000037349
0.0000037348
0.0000037347
0.0000037346
0.0000037345
0.0000037344
0.0000037343
0.0000037341
0.0000037340
0.0000037339
0.0000037338
0.0000037337
0.0000037336
0.0000037335
0.0000037334
0.0000037333
0.0000037332
0.0000037331
0.0000037330
0.0000037329
0.0000037328
0.0000037327
0.0000037326
0.0000037325
0.0000037324
0.0000037322
0.0000037321
0.0000037320
0.0000037319
0.0000037318
0.0000037317
0.0000037316
0.0000037315
0.0000037314
0.0000037313
0.0000037312
0.0000037311
0.0000037310
0.0000037309
0.0000037308
0.0000037307
0.0000037306
0.0000037305
0.0000037303
0.0000037302
0.0000037301
0.0000037300
0.0000037299
0.0000037298
0.0000037297
0.0000037296
0.0000037295
0.0000037294
0.0000037293
0.0000037292
0.0000037291
0.0000037290
0.0000037289
0.0000037288
0.0000037287
0.0000037286
0.0000037284
0.0000037283
0.0000037282
0.0000037281
0.0000037280
0.0000037279
0.0000037278
0.0000037277
0.0000037276
0.0000037275
0.0000037274
0.0000037273
0.0000037272
0.0000037271
0.0000037270
0.0000037269
0.0000037268
0.0000037267
0.0000037265
0.0000037264
0.0000037263
0.0000037262
0.0000037261
0.0000037260
0.0000037259
0.0000037258
0.0000037257
0.0000037256
0.0000037255
0.0000037254
0.0000037253
0.0000037252
0.0000037251
0.0000037250
0.0000037249
0.0000037248
0.0000037247
0.0000037245
0.0000037244
0.0000037243
0.0000037242
0.0000037241
0.0000037240
0.0000037239
0.0000037238
0.0000037237
0.0000037236
0.0000037235
0.0000037234
0.0000037233
0.0000037232
0.0000037231
0.0000037230
0.0000037229
0.0000037228
0.0000037226
0.0000037225
0.0000037224
0.0000037223
0.0000037222
0.0000037221
0.0000037220
0.0000037219
0.0000037218
0.0000037217
0.0000037216
0.0000037215
0.0000037214
0.0000037213
0.0000037212
0.0000037211
0.0000037210
0.0000037209
0.0000037208
0.0000037206
0.0000037205
0.0000037204
0.0000037203
0.0000037202
0.0000037201
0.0000037200
0.0000037199
0.0000037198
0.0000037197
0.0000037196
0.0000037195
0.0000037194
0.0000037193
0.0000037192
0.0000037191
0.0000037190
0.0000037189
0.0000037188
0.0000037187
0.0000037185
0.0000037184
0.0000037183
0.0000037182
0.0000037181
0.0000037180
0.0000037179
0.0000037178
0.0000037177
0.0000037176
0.0000037175
0.0000037174
0.0000037173
0.0000037172
0.0000037171
0.0000037170
0.0000037169
0.0000037168
0.0000037167
0.0000037165
0.0000037164
0.0000037163
0.0000037162
0.0000037161
0.0000037160
0.0000037159
0.0000037158
0.0000037157
0.0000037156
0.0000037155
0.0000037154
0.0000037153
0.0000037152
0.0000037151
0.0000037150
0.0000037149
0.0000037148
0.0000037147
0.0000037146
0.0000037144
0.0000037143
0.0000037142
0.0000037141
0.0000037140
0.0000037139
0.0000037138
0.0000037137
0.0000037136
0.0000037135
0.0000037134
0.0000037133
0.0000037132
0.0000037131
0.0000037130
0.0000037129
0.0000037128
0.0000037127
0.0000037126
0.0000037125
0.0000037124
0.0000037122
0.0000037121
0.0000037120
0.0000037119
0.0000037118
0.0000037117
0.0000037116
0.0000037115
0.0000037114
0.0000037113
0.0000037112
0.0000037111
0.0000037110
0.0000037109
0.0000037108
0.0000037107
0.0000037106
0.0000037105
0.0000037104
0.0000037103
0.0000037101
0.0000037100
0.0000037099
0.0000037098
0.0000037097
0.0000037096
0.0000037095
0.0000037094
0.0000037093
0.0000037092
0.0000037091
0.0000037090
0.0000037089
0.0000037088
0.0000037087
0.0000037086
0.0000037085
0.0000037084
0.0000037083
0.0000037082
0.0000037081
0.0000037079
0.0000037078
0.0000037077
0.0000037076
0.0000037075
0.0000037074
0.0000037073
0.0000037072
0.0000037071
0.0000037070
0.0000037069
0.0000037068
0.0000037067
0.0000037066
0.0000037065
0.0000037064
0.0000037063
0.0000037062
0.0000037061
0.0000037060
0.0000037059
0.0000037057
0.0000037056
0.0000037055
0.0000037054
0.0000037053
0.0000037052
0.0000037051
0.0000037050
0.0000037049
0.0000037048
0.0000037047
0.0000037046
0.0000037045
0.0000037044
0.0000037043
0.0000037042
0.0000037041
0.0000037040
0.0000037039
0.0000037038
0.0000037037
0.0000037036
0.0000037034
0.0000037033
0.0000037032
0.0000037031
0.0000037030
0.0000037029
0.0000037028
0.0000037027
0.0000037026
0.0000037025
0.0000037024
0.0000037023
0.0000037022
0.0000037021
0.0000037020
0.0000037019
0.0000037018
0.0000037017
0.0000037016
0.0000037015
0.0000037014
0.0000037013
0.0000037011
0.0000037010
0.0000037009
0.0000037008
0.0000037007
0.0000037006
0.0000037005
0.0000037004
0.0000037003
0.0000037002
0.0000037001
0.0000037000
0.0000036999
0.0000036998
0.0000036997
0.0000036996
0.0000036995
0.0000036994
0.0000036993
0.0000036992
0.0000036991
0.0000036990
0.0000036988
0.0000036987
0.0000036986
0.0000036985
0.0000036984
0.0000036983
0.0000036982
0.0000036981
0.0000036980
0.0000036979
0.0000036978
0.0000036977
0.0000036976
0.0000036975
0.0000036974
0.0000036973
0.0000036972
0.0000036971
0.0000036970
0.0000036969
0.0000036968
0.0000036967
0.0000036966
0.0000036964
0.0000036963
0.0000036962
0.0000036961
0.0000036960
0.0000036959
0.0000036958
0.0000036957
0.0000036956
0.0000036955
0.0000036954
0.0000036953
0.0000036952
0.0000036951
0.0000036950
0.0000036949
0.0000036948
0.0000036947
0.0000036946
0.0000036945
0.0000036944
0.0000036943
0.0000036942
0.0000036941
0.0000036939
0.0000036938
0.0000036937
0.0000036936
0.0000036935
0.0000036934
0.0000036933
0.0000036932
0.0000036931
0.0000036930
0.0000036929
0.0000036928
0.0000036927
0.0000036926
0.0000036925
0.0000036924
0.0000036923
0.0000036922
0.0000036921
0.0000036920
0.0000036919
0.0000036918
0.0000036917
0.0000036915
0.0000036914
0.0000036913
0.0000036912
0.0000036911
0.0000036910
0.0000036909
0.0000036908
0.0000036907
0.0000036906
0.0000036905
0.0000036904
0.0000036903
0.0000036902
0.0000036901
0.0000036900
0.0000036899
0.0000036898
0.0000036897
0.0000036896
0.0000036895
0.0000036894
0.0000036893
0.0000036892
0.0000036891
0.0000036889
0.0000036888
0.0000036887
0.0000036886
0.0000036885
0.0000036884
0.0000036883
0.0000036882
0.0000036881
0.0000036880
0.0000036879
0.0000036878
0.0000036877
0.0000036876
0.0000036875
0.0000036874
0.0000036873
0.0000036872
0.0000036871
0.0000036870
0.0000036869
0.0000036868
0.0000036867
0.0000036866
0.0000036865
0.0000036863
0.0000036862
0.0000036861
0.0000036860
0.0000036859
0.0000036858
0.0000036857
0.0000036856
0.0000036855
0.0000036854
0.0000036853
0.0000036852
0.0000036851
0.0000036850
0.0000036849
0.0000036848
0.0000036847
0.0000036846
0.0000036845
0.0000036844
0.0000036843
0.0000036842
0.0000036841
0.0000036840
0.0000036839
0.0000036837
0.0000036836
0.0000036835
0.0000036834
0.0000036833
0.0000036832
0.0000036831
0.0000036830
0.0000036829
0.0000036828
0.0000036827
0.0000036826
0.0000036825
0.0000036824
0.0000036823
0.0000036822
0.0000036821
0.0000036820
0.0000036819
0.0000036818
0.0000036817
0.0000036816
0.0000036815
0.0000036814
0.0000036813
0.0000036812
0.0000036811
0.0000036809
0.0000036808
0.0000036807
0.0000036806
0.0000036805
0.0000036804
0.0000036803
0.0000036802
0.0000036801
0.0000036800
0.0000036799
0.0000036798
0.0000036797
0.0000036796
0.0000036795
0.0000036794
0.0000036793
0.0000036792
0.0000036791
0.0000036790
0.0000036789
0.0000036788
0.0000036787
0.0000036786
0.0000036785
0.0000036784
0.0000036783
0.0000036781
0.0000036780
0.0000036779
0.0000036778
0.0000036777
0.0000036776
0.0000036775
0.0000036774
0.0000036773
0.0000036772
0.0000036771
0.0000036770
0.0000036769
0.0000036768
0.0000036767
0.0000036766
0.0000036765
0.0000036764
0.0000036763
0.0000036762
0.0000036761
0.0000036760
0.0000036759
0.0000036758
0.0000036757
0.0000036756
0.0000036755
0.0000036754
0.0000036752
0.0000036751
0.0000036750
0.0000036749
0.0000036748
0.0000036747
0.0000036746
0.0000036745
0.0000036744
0.0000036743
0.0000036742
0.0000036741
0.0000036740
0.0000036739
0.0000036738
0.0000036737
0.0000036736
0.0000036735
0.0000036734
0.0000036733
0.0000036732
0.0000036731
0.0000036730
0.0000036729
0.0000036728
0.0000036727
0.0000036726
0.0000036725
0.0000036723
0.0000036722
0.0000036721
0.0000036720
0.0000036719
0.0000036718
0.0000036717
0.0000036716
0.0000036715
0.0000036714
0.0000036713
0.0000036712
0.0000036711
0.0000036710
0.0000036709
0.0000036708
0.0000036707
0.0000036706
0.0000036705
0.0000036704
0.0000036703
0.0000036702
0.0000036701
0.0000036700
0.0000036699
0.0000036698
0.0000036697
0.0000036696
0.0000036695
0.0000036694
0.0000036692
0.0000036691
0.0000036690
0.0000036689
0.0000036688
0.0000036687
0.0000036686
0.0000036685
0.0000036684
0.0000036683
0.0000036682
0.0000036681
0.0000036680
0.0000036679
0.0000036678
0.0000036677
0.0000036676
0.0000036675
0.0000036674
0.0000036673
0.0000036672
0.0000036671
0.0000036670
0.0000036669
0.0000036668
0.0000036667
0.0000036666
0.0000036665
0.0000036664
0.0000036663
0.0000036661
0.0000036660
0.0000036659
0.0000036658
0.0000036657
0.0000036656
0.0000036655
0.0000036654
0.0000036653
0.0000036652
0.0000036651
0.0000036650
0.0000036649
0.0000036648
0.0000036647
0.0000036646
0.0000036645
0.0000036644
0.0000036643
0.0000036642
0.0000036641
0.0000036640
0.0000036639
0.0000036638
0.0000036637
0.0000036636
0.0000036635
0.0000036634
0.0000036633
0.0000036632
0.0000036631
0.0000036630
0.0000036628
0.0000036627
0.0000036626
0.0000036625
0.0000036624
0.0000036623
0.0000036622
0.0000036621
0.0000036620
0.0000036619
0.0000036618
0.0000036617
0.0000036616
0.0000036615
0.0000036614
0.0000036613
0.0000036612
0.0000036611
0.0000036610
0.0000036609
0.0000036608
0.0000036607
0.0000036606
0.0000036605
0.0000036604
0.0000036603
0.0000036602
0.0000036601
0.0000036600
0.0000036599
0.0000036598
0.0000036597
0.0000036596
0.0000036594
0.0000036593
0.0000036592
0.0000036591
0.0000036590
0.0000036589
0.0000036588
0.0000036587
0.0000036586
0.0000036585
0.0000036584
0.0000036583
0.0000036582
0.0000036581
0.0000036580
0.0000036579
0.0000036578
0.0000036577
0.0000036576
0.0000036575
0.0000036574
0.0000036573
0.0000036572
0.0000036571
0.0000036570
0.0000036569
0.0000036568
0.0000036567
0.0000036566
0.0000036565
0.0000036564
0.0000036563
0.0000036562
0.0000036561
0.0000036559
0.0000036558
0.0000036557
0.0000036556
0.0000036555
0.0000036554
0.0000036553
0.0000036552
0.0000036551
0.0000036550
0.0000036549
0.0000036548
0.0000036547
0.0000036546
0.0000036545
0.0000036544
0.0000036543
0.0000036542
0.0000036541
0.0000036540
0.0000036539
0.0000036538
0.0000036537
0.0000036536
0.0000036535
0.0000036534
0.0000036533
0.0000036532
0.0000036531
0.0000036530
0.0000036529
0.0000036528
0.0000036527
0.0000036526
0.0000036525
0.0000036524
0.0000036522
0.0000036521
0.0000036520
0.0000036519
0.0000036518
0.0000036517
0.0000036516
0.0000036515
0.0000036514
0.0000036513
0.0000036512
0.0000036511
0.0000036510
0.0000036509
0.0000036508
0.0000036507
0.0000036506
0.0000036505
0.0000036504
0.0000036503
0.0000036502
0.0000036501
0.0000036500
0.0000036499
0.0000036498
0.0000036497
0.0000036496
0.0000036495
0.0000036494
0.0000036493
0.0000036492
0.0000036491
0.0000036490
0.0000036489
0.0000036488
0.0000036487
0.0000036486
0.0000036485
0.0000036483
0.0000036482
0.0000036481
0.0000036480
0.0000036479
0.0000036478
0.0000036477
0.0000036476
0.0000036475
0.0000036474
0.0000036473
0.0000036472
0.0000036471
0.0000036470
0.0000036469
0.0000036468
0.0000036467
0.0000036466
0.0000036465
0.0000036464
0.0000036463
0.0000036462
0.0000036461
0.0000036460
0.0000036459
0.0000036458
0.0000036457
0.0000036456
0.0000036455
0.0000036454
0.0000036453
0.0000036452
0.0000036451
0.0000036450
0.0000036449
0.0000036448
0.0000036447
0.0000036446
0.0000036445
0.0000036444
0.0000036442
0.0000036441
0.0000036440
0.0000036439
0.0000036438
0.0000036437
0.0000036436
0.0000036435
0.0000036434
0.0000036433
0.0000036432
0.0000036431
0.0000036430
0.0000036429
0.0000036428
0.0000036427
0.0000036426
0.0000036425
0.0000036424
0.0000036423
0.0000036422
0.0000036421
0.0000036420
0.0000036419
0.0000036418
0.0000036417
0.0000036416
0.0000036415
0.0000036414
0.0000036413
0.0000036412
0.0000036411
0.0000036410
0.0000036409
0.0000036408
0.0000036407
0.0000036406
0.0000036405
0.0000036404
0.0000036403
0.0000036402
0.0000036401
0.0000036400
0.0000036398
0.0000036397
0.0000036396
0.0000036395
0.0000036394
0.0000036393
0.0000036392
0.0000036391
0.0000036390
0.0000036389
0.0000036388
0.0000036387
0.0000036386
0.0000036385
0.0000036384
0.0000036383
0.0000036382
0.0000036381
0.0000036380
0.0000036379
0.0000036378
0.0000036377
0.0000036376
0.0000036375
0.0000036374
0.0000036373
0.0000036372
0.0000036371
0.0000036370
0.0000036369
0.0000036368
0.0000036367
0.0000036366
0.0000036365
0.0000036364
0.0000036363
0.0000036362
0.0000036361
0.0000036360
0.0000036359
0.0000036358
0.0000036357
0.0000036356
0.0000036355
0.0000036354
0.0000036353
0.0000036351
0.0000036350
0.0000036349
0.0000036348
0.0000036347
0.0000036346
0.0000036345
0.0000036344
0.0000036343
0.0000036342
0.0000036341
0.0000036340
0.0000036339
0.0000036338
0.0000036337
0.0000036336
0.0000036335
0.0000036334
0.0000036333
0.0000036332
0.0000036331
0.0000036330
0.0000036329
0.0000036328
0.0000036327
0.0000036326
0.0000036325
0.0000036324
0.0000036323
0.0000036322
0.0000036321
0.0000036320
0.0000036319
0.0000036318
0.0000036317
0.0000036316
0.0000036315
0.0000036314
0.0000036313
0.0000036312
0.0000036311
0.0000036310
0.0000036309
0.0000036308
0.0000036307
0.0000036306
0.0000036305
0.0000036304
0.0000036303
0.0000036302
0.0000036300
0.0000036299
0.0000036298
0.0000036297
0.0000036296
0.0000036295
0.0000036294
0.0000036293
0.0000036292
0.0000036291
0.0000036290
0.0000036289
0.0000036288
0.0000036287
0.0000036286
0.0000036285
0.0000036284
0.0000036283
0.0000036282
0.0000036281
0.0000036280
0.0000036279
0.0000036278
0.0000036277
0.0000036276
0.0000036275
0.0000036274
0.0000036273
0.0000036272
0.0000036271
0.0000036270
0.0000036269
0.0000036268
0.0000036267
0.0000036266
0.0000036265
0.0000036264
0.0000036263
0.0000036262
0.0000036261
0.0000036260
0.0000036259
0.0000036258
0.0000036257
0.0000036256
0.0000036255
0.0000036254
0.0000036253
0.0000036252
0.0000036251
0.0000036250
0.0000036249
0.0000036248
0.0000036247
0.0000036246
0.0000036244
0.0000036243
0.0000036242
0.0000036241
0.0000036240
0.0000036239
0.0000036238
0.0000036237
0.0000036236
0.0000036235
0.0000036234
0.0000036233
0.0000036232
0.0000036231
0.0000036230
0.0000036229
0.0000036228
0.0000036227
0.0000036226
0.0000036225
0.0000036224
0.0000036223
0.0000036222
0.0000036221
0.0000036220
0.0000036219
0.0000036218
0.0000036217
0.0000036216
0.0000036215
0.0000036214
0.0000036213
0.0000036212
0.0000036211
0.0000036210
0.0000036209
0.0000036208
0.0000036207
0.0000036206
0.0000036205
0.0000036204
0.0000036203
0.0000036202
0.0000036201
0.0000036200
0.0000036199
0.0000036198
0.0000036197
0.0000036196
0.0000036195
0.0000036194
0.0000036193
0.0000036192
0.0000036191
0.0000036190
0.0000036189
0.0000036188
0.0000036187
0.0000036186
0.0000036185
0.0000036184
0.0000036183
0.0000036182
0.0000036180
0.0000036179
0.0000036178
0.0000036177
0.0000036176
0.0000036175
0.0000036174
0.0000036173
0.0000036172
0.0000036171
0.0000036170
0.0000036169
0.0000036168
0.0000036167
0.0000036166
0.0000036165
0.0000036164
0.0000036163
0.0000036162
0.0000036161
0.0000036160
0.0000036159
0.0000036158
0.0000036157
0.0000036156
0.0000036155
0.0000036154
0.0000036153
0.0000036152
0.0000036151
0.0000036150
0.0000036149
0.0000036148
0.0000036147
0.0000036146
0.0000036145
0.0000036144
0.0000036143
0.0000036142
0.0000036141
0.0000036140
0.0000036139
0.0000036138
0.0000036137
0.0000036136
0.0000036135
0.0000036134
0.0000036133
0.0000036132
0.0000036131
0.0000036130
0.0000036129
0.0000036128
0.0000036127
0.0000036126
0.0000036125
0.0000036124
0.0000036123
0.0000036122
0.0000036121
0.0000036120
0.0000036119
0.0000036118
0.0000036117
0.0000036116
0.0000036115
0.0000036114
0.0000036113
0.0000036112
0.0000036111
0.0000036110
0.0000036109
0.0000036108
0.0000036107
0.0000036105
0.0000036104
0.0000036103
0.0000036102
0.0000036101
0.0000036100
0.0000036099
0.0000036098
0.0000036097
0.0000036096
0.0000036095
0.0000036094
0.0000036093
0.0000036092
0.0000036091
0.0000036090
0.0000036089
0.0000036088
0.0000036087
0.0000036086
0.0000036085
0.0000036084
0.0000036083
0.0000036082
0.0000036081
0.0000036080
0.0000036079
0.0000036078
0.0000036077
0.0000036076
0.0000036075
0.0000036074
0.0000036073
0.0000036072
0.0000036071
0.0000036070
0.0000036069
0.0000036068
0.0000036067
0.0000036066
0.0000036065
0.0000036064
0.0000036063
0.0000036062
0.0000036061
0.0000036060
0.0000036059
0.0000036058
0.0000036057
0.0000036056
0.0000036055
0.0000036054
0.0000036053
0.0000036052
0.0000036051
0.0000036050
0.0000036049
0.0000036048
0.0000036047
0.0000036046
0.0000036045
0.0000036044
0.0000036043
0.0000036042
0.0000036041
0.0000036040
0.0000036039
0.0000036038
0.0000036037
0.0000036036
0.0000036035
0.0000036034
0.0000036033
0.0000036032
0.0000036031
0.0000036030
0.0000036029
0.0000036028
0.0000036027
0.0000036026
0.0000036025
0.0000036024
0.0000036023
0.0000036022
0.0000036021
0.0000036020
0.0000036019
0.0000036018
0.0000036017
0.0000036016
0.0000036015
0.0000036014
0.0000036013
0.0000036012
0.0000036011
0.0000036010
0.0000036008
0.0000036007
0.0000036006
0.0000036005
0.0000036004
0.0000036003
0.0000036002
0.0000036001
0.0000036000
0.0000035999
0.0000035998
0.0000035997
0.0000035996
0.0000035995
0.0000035994
0.0000035993
0.0000035992
0.0000035991
0.0000035990
0.0000035989
0.0000035988
0.0000035987
0.0000035986
0.0000035985
0.0000035984
0.0000035983
0.0000035982
0.0000035981
0.0000035980
0.0000035979
0.0000035978
0.0000035977
0.0000035976
0.0000035975
0.0000035974
0.0000035973
0.0000035972
0.0000035971
0.0000035970
0.0000035969
0.0000035968
0.0000035967
0.0000035966
0.0000035965
0.0000035964
0.0000035963
0.0000035962
0.0000035961
0.0000035960
0.0000035959
0.0000035958
0.0000035957
0.0000035956
0.0000035955
0.0000035954
0.0000035953
0.0000035952
0.0000035951
0.0000035950
0.0000035949
0.0000035948
0.0000035947
0.0000035946
0.0000035945
0.0000035944
0.0000035943
0.0000035942
0.0000035941
0.0000035940
0.0000035939
0.0000035938
0.0000035937
0.0000035936
0.0000035935
0.0000035934
0.0000035933
0.0000035932
0.0000035931
0.0000035930
0.0000035929
0.0000035928
0.0000035927
0.0000035926
0.0000035925
0.0000035924
0.0000035923
0.0000035922
0.0000035921
0.0000035920
0.0000035919
0.0000035918
0.0000035917
0.0000035916
0.0000035915
0.0000035914
0.0000035913
0.0000035912
0.0000035911
0.0000035910
0.0000035909
0.0000035908
0.0000035907
0.0000035906
0.0000035905
0.0000035904
0.0000035903
0.0000035902
0.0000035901
0.0000035900
0.0000035899
0.0000035898
0.0000035897
0.0000035896
0.0000035895
0.0000035894
0.0000035893
0.0000035892
0.0000035891
0.0000035890
0.0000035889
0.0000035888
0.0000035887
0.0000035886
0.0000035885
0.0000035884
0.0000035883
0.0000035882
0.0000035881
0.0000035880
0.0000035879
0.0000035878
0.0000035877
0.0000035876
0.0000035875
0.0000035874
0.0000035873
0.0000035872
0.0000035871
0.0000035870
0.0000035869
0.0000035868
0.0000035867
0.0000035866
0.0000035865
0.0000035864
0.0000035863
0.0000035862
0.0000035861
0.0000035860
0.0000035859
0.0000035858
0.0000035857
0.0000035856
0.0000035855
0.0000035854
0.0000035853
0.0000035852
0.0000035851
0.0000035850
0.0000035849
0.0000035848
0.0000035847
0.0000035846
0.0000035845
0.0000035844
0.0000035843
0.0000035842
0.0000035841
0.0000035840
0.0000035839
0.0000035838
0.0000035837
0.0000035836
0.0000035835
0.0000035834
0.0000035833
0.0000035832
0.0000035831
0.0000035830
0.0000035829
0.0000035828
0.0000035827
0.0000035826
0.0000035825
0.0000035824
0.0000035823
0.0000035822
0.0000035821
0.0000035820
0.0000035819
0.0000035818
0.0000035817
0.0000035816
0.0000035815
0.0000035814
0.0000035813
0.0000035811
0.0000035810
0.0000035809
0.0000035808
0.0000035807
0.0000035806
0.0000035805
0.0000035804
0.0000035803
0.0000035802
0.0000035801
0.0000035800
0.0000035799
0.0000035798
0.0000035797
0.0000035796
0.0000035795
0.0000035794
0.0000035793
0.0000035792
0.0000035791
0.0000035790
0.0000035789
0.0000035788
0.0000035787
0.0000035786
0.0000035785
0.0000035784
0.0000035783
0.0000035782
0.0000035781
0.0000035780
0.0000035779
0.0000035778
0.0000035777
0.0000035776
0.0000035775
0.0000035774
0.0000035773
0.0000035772
0.0000035771
0.0000035770
0.0000035769
0.0000035768
0.0000035767
0.0000035766
0.0000035765
0.0000035764
0.0000035763
0.0000035762
0.0000035761
0.0000035760
0.0000035759
0.0000035758
0.0000035757
0.0000035756
0.0000035755
0.0000035754
0.0000035753
0.0000035752
0.0000035751
0.0000035750
0.0000035749
0.0000035748
0.0000035747
0.0000035746
0.0000035745
0.0000035744
0.0000035743
0.0000035742
0.0000035741
0.0000035740
0.0000035739
0.0000035738
0.0000035737
0.0000035736
0.0000035735
0.0000035734
0.0000035733
0.0000035732
0.0000035731
0.0000035730
0.0000035729
0.0000035728
0.0000035727
0.0000035726
0.0000035725
0.0000035724
0.0000035723
0.0000035722
0.0000035721
0.0000035720
0.0000035720
0.0000035719
0.0000035718
0.0000035717
0.0000035716
0.0000035715
0.0000035714
0.0000035713
0.0000035712
0.0000035711
0.0000035710
0.0000035709
0.0000035708
0.0000035707
0.0000035706
0.0000035705
0.0000035704
0.0000035703
0.0000035702
0.0000035701
0.0000035700
0.0000035699
0.0000035698
0.0000035697
0.0000035696
0.0000035695
0.0000035694
0.0000035693
0.0000035692
0.0000035691
0.0000035690
0.0000035689
0.0000035688
0.0000035687
0.0000035686
0.0000035685
0.0000035684
0.0000035683
0.0000035682
0.0000035681
0.0000035680
0.0000035679
0.0000035678
0.0000035677
0.0000035676
0.0000035675
0.0000035674
0.0000035673
0.0000035672
0.0000035671
0.0000035670
0.0000035669
0.0000035668
0.0000035667
0.0000035666
0.0000035665
0.0000035664
0.0000035663
0.0000035662
0.0000035661
0.0000035660
0.0000035659
0.0000035658
0.0000035657
0.0000035656
0.0000035655
0.0000035654
0.0000035653
0.0000035652
0.0000035651
0.0000035650
0.0000035649
0.0000035648
0.0000035647
0.0000035646
0.0000035645
0.0000035644
0.0000035643
0.0000035642
0.0000035641
0.0000035640
0.0000035639
0.0000035638
0.0000035637
0.0000035636
0.0000035635
0.0000035634
0.0000035633
0.0000035632
0.0000035631
0.0000035630
0.0000035629
0.0000035628
0.0000035627
0.0000035626
0.0000035625
0.0000035624
0.0000035623
0.0000035622
0.0000035621
0.0000035620
0.0000035619
0.0000035618
0.0000035617
0.0000035616
0.0000035615
0.0000035614
0.0000035613
0.0000035612
0.0000035611
0.0000035610
0.0000035609
0.0000035608
0.0000035607
0.0000035606
0.0000035605
0.0000035604
0.0000035603
0.0000035602
0.0000035601
0.0000035600
0.0000035599
0.0000035598
0.0000035597
0.0000035596
0.0000035595
0.0000035594
0.0000035593
0.0000035592
0.0000035591
0.0000035590
0.0000035589
0.0000035588
0.0000035587
0.0000035586
0.0000035585
0.0000035584
0.0000035583
0.0000035582
0.0000035581
0.0000035580
0.0000035579
0.0000035578
0.0000035577
0.0000035576
0.0000035575
0.0000035574
0.0000035573
0.0000035572
0.0000035571
0.0000035570
0.0000035569
0.0000035568
0.0000035567
0.0000035566
0.0000035565
0.0000035564
0.0000035563
0.0000035562
0.0000035561
0.0000035560
0.0000035559
0.0000035558
0.0000035557
0.0000035556
0.0000035555
0.0000035554
0.0000035553
0.0000035552
0.0000035551
0.0000035550
0.0000035549
0.0000035548
0.0000035547
0.0000035546
0.0000035545
0.0000035544
0.0000035543
0.0000035542
0.0000035541
0.0000035540
0.0000035539
0.0000035538
0.0000035537
0.0000035536
0.0000035535
0.0000035534
0.0000035533
0.0000035532
0.0000035531
0.0000035530
0.0000035529
0.0000035528
0.0000035527
0.0000035526
0.0000035525
0.0000035525
0.0000035524
0.0000035523
0.0000035522
0.0000035521
0.0000035520
0.0000035519
0.0000035518
0.0000035517
0.0000035516
0.0000035515
0.0000035514
0.0000035513
0.0000035512
0.0000035511
0.0000035510
0.0000035509
0.0000035508
0.0000035507
0.0000035506
0.0000035505
0.0000035504
0.0000035503
0.0000035502
0.0000035501
0.0000035500
0.0000035499
0.0000035498
0.0000035497
0.0000035496
0.0000035495
0.0000035494
0.0000035493
0.0000035492
0.0000035491
0.0000035490
0.0000035489
0.0000035488
0.0000035487
0.0000035486
0.0000035485
0.0000035484
0.0000035483
0.0000035482
0.0000035481
0.0000035480
0.0000035479
0.0000035478
0.0000035477
0.0000035476
0.0000035475
0.0000035474
0.0000035473
0.0000035472
0.0000035471
0.0000035470
0.0000035469
0.0000035468
0.0000035467
0.0000035466
0.0000035465
0.0000035464
0.0000035463
0.0000035462
0.0000035461
0.0000035460
0.0000035459
0.0000035458
0.0000035457
0.0000035456
0.0000035455
0.0000035454
0.0000035453
0.0000035452
0.0000035451
0.0000035450
0.0000035449
0.0000035448
0.0000035447
0.0000035446
0.0000035445
0.0000035444
0.0000035443
0.0000035442
0.0000035441
0.0000035440
0.0000035439
0.0000035438
0.0000035437
0.0000035436
0.0000035435
0.0000035434
0.0000035433
0.0000035432
0.0000035431
0.0000035430
0.0000035429
0.0000035428
0.0000035428
0.0000035427
0.0000035426
0.0000035425
0.0000035424
0.0000035423
0.0000035422
0.0000035421
0.0000035420
0.0000035419
0.0000035418
0.0000035417
0.0000035416
0.0000035415
0.0000035414
0.0000035413
0.0000035412
0.0000035411
0.0000035410
0.0000035409
0.0000035408
0.0000035407
0.0000035406
0.0000035405
0.0000035404
0.0000035403
0.0000035402
0.0000035401
0.0000035400
0.0000035399
0.0000035398
0.0000035397
0.0000035396
0.0000035395
0.0000035394
0.0000035393
0.0000035392
0.0000035391
0.0000035390
0.0000035389
0.0000035388
0.0000035387
0.0000035386
0.0000035385
0.0000035384
0.0000035383
0.0000035382
0.0000035381
0.0000035380
0.0000035379
0.0000035378
0.0000035377
0.0000035376
0.0000035375
0.0000035374
0.0000035373
0.0000035372
0.0000035371
0.0000035370
0.0000035369
0.0000035368
0.0000035367
0.0000035366
0.0000035365
0.0000035364
0.0000035363
0.0000035362
0.0000035361
0.0000035360
0.0000035359
0.0000035358
0.0000035357
0.0000035356
0.0000035355
0.0000035354
0.0000035354
0.0000035353
0.0000035352
0.0000035351
0.0000035350
0.0000035349
0.0000035348
0.0000035347
0.0000035346
0.0000035345
0.0000035344
0.0000035343
0.0000035342
0.0000035341
0.0000035340
0.0000035339
0.0000035338
0.0000035337
0.0000035336
0.0000035335
0.0000035334
0.0000035333
0.0000035332
0.0000035331
0.0000035330
0.0000035329
0.0000035328
0.0000035327
0.0000035326
0.0000035325
0.0000035324
0.0000035323
0.0000035322
0.0000035321
0.0000035320
0.0000035319
0.0000035318
0.0000035317
0.0000035316
0.0000035315
0.0000035314
0.0000035313
0.0000035312
0.0000035311
0.0000035310
0.0000035309
0.0000035308
0.0000035307
0.0000035306
0.0000035305
0.0000035304
0.0000035303
0.0000035302
0.0000035301
0.0000035300
0.0000035299
0.0000035298
0.0000035297
0.0000035296
0.0000035295
0.0000035294
0.0000035293
0.0000035292
0.0000035291
0.0000035291
0.0000035290
0.0000035289
0.0000035288
0.0000035287
0.0000035286
0.0000035285
0.0000035284
0.0000035283
0.0000035282
0.0000035281
0.0000035280
0.0000035279
0.0000035278
0.0000035277
0.0000035276
0.0000035275
0.0000035274
0.0000035273
0.0000035272
0.0000035271
0.0000035270
0.0000035269
0.0000035268
0.0000035267
0.0000035266
0.0000035265
0.0000035264
0.0000035263
0.0000035262
0.0000035261
0.0000035260
0.0000035259
0.0000035258
0.0000035257
0.0000035256
0.0000035255
0.0000035254
0.0000035253
0.0000035252
0.0000035251
0.0000035250
0.0000035249
0.0000035248
0.0000035247
0.0000035246
0.0000035245
0.0000035244
0.0000035243
0.0000035242
0.0000035241
0.0000035240
0.0000035239
0.0000035238
0.0000035237
0.0000035236
0.0000035235
0.0000035235
0.0000035234
0.0000035233
0.0000035232
0.0000035231
0.0000035230
0.0000035229
0.0000035228
0.0000035227
0.0000035226
0.0000035225
0.0000035224
0.0000035223
0.0000035222
0.0000035221
0.0000035220
0.0000035219
0.0000035218
0.0000035217
0.0000035216
0.0000035215
0.0000035214
0.0000035213
0.0000035212
0.0000035211
0.0000035210
0.0000035209
0.0000035208
0.0000035207
0.0000035206
0.0000035205
0.0000035204
0.0000035203
0.0000035202
0.0000035201
0.0000035200
0.0000035199
0.0000035198
0.0000035197
0.0000035196
0.0000035195
0.0000035194
0.0000035193
0.0000035192
0.0000035191
0.0000035190
0.0000035189
0.0000035188
0.0000035187
0.0000035186
0.0000035185
0.0000035185
0.0000035184
0.0000035183
0.0000035182
0.0000035181
0.0000035180
0.0000035179
0.0000035178
0.0000035177
0.0000035176
0.0000035175
0.0000035174
0.0000035173
0.0000035172
0.0000035171
0.0000035170
0.0000035169
0.0000035168
0.0000035167
0.0000035166
0.0000035165
0.0000035164
0.0000035163
0.0000035162
0.0000035161
0.0000035160
0.0000035159
0.0000035158
0.0000035157
0.0000035156
0.0000035155
0.0000035154
0.0000035153
0.0000035152
0.0000035151
0.0000035150
0.0000035149
0.0000035148
0.0000035147
0.0000035146
0.0000035145
0.0000035144
0.0000035143
0.0000035142
0.0000035141
0.0000035140
0.0000035139
0.0000035139
0.0000035138
0.0000035137
0.0000035136
0.0000035135
0.0000035134
0.0000035133
0.0000035132
0.0000035131
0.0000035130
0.0000035129
0.0000035128
0.0000035127
0.0000035126
0.0000035125
0.0000035124
0.0000035123
0.0000035122
0.0000035121
0.0000035120
0.0000035119
0.0000035118
0.0000035117
0.0000035116
0.0000035115
0.0000035114
0.0000035113
0.0000035112
0.0000035111
0.0000035110
0.0000035109
0.0000035108
0.0000035107
0.0000035106
0.0000035105
0.0000035104
0.0000035103
0.0000035102
0.0000035101
0.0000035100
0.0000035099
0.0000035098
0.0000035097
0.0000035096
0.0000035096
0.0000035095
0.0000035094
0.0000035093
0.0000035092
0.0000035091
0.0000035090
0.0000035089
0.0000035088
0.0000035087
0.0000035086
0.0000035085
0.0000035084
0.0000035083
0.0000035082
0.0000035081
0.0000035080
0.0000035079
0.0000035078
0.0000035077
0.0000035076
0.0000035075
0.0000035074
0.0000035073
0.0000035072
0.0000035071
0.0000035070
0.0000035069
0.0000035068
0.0000035067
0.0000035066
0.0000035065
0.0000035064
0.0000035063
0.0000035062
0.0000035061
0.0000035060
0.0000035059
0.0000035058
0.0000035057
0.0000035056
0.0000035056
0.0000035055
0.0000035054
0.0000035053
0.0000035052
0.0000035051
0.0000035050
0.0000035049
0.0000035048
0.0000035047
0.0000035046
0.0000035045
0.0000035044
0.0000035043
0.0000035042
0.0000035041
0.0000035040
0.0000035039
0.0000035038
0.0000035037
0.0000035036
0.0000035035
0.0000035034
0.0000035033
0.0000035032
0.0000035031
0.0000035030
0.0000035029
0.0000035028
0.0000035027
0.0000035026
0.0000035025
0.0000035024
0.0000035023
0.0000035022
0.0000035021
0.0000035020
0.0000035019
0.0000035018
0.0000035018
0.0000035017
0.0000035016
0.0000035015
0.0000035014
0.0000035013
0.0000035012
0.0000035011
0.0000035010
0.0000035009
0.0000035008
0.0000035007
0.0000035006
0.0000035005
0.0000035004
0.0000035003
0.0000035002
0.0000035001
0.0000035000
0.0000034999
0.0000034998
0.0000034997
0.0000034996
0.0000034995
0.0000034994
0.0000034993
0.0000034992
0.0000034991
0.0000034990
0.0000034989
0.0000034988
0.0000034987
0.0000034986
0.0000034985
0.0000034984
0.0000034983
0.0000034982
0.0000034982
0.0000034981
0.0000034980
0.0000034979
0.0000034978
0.0000034977
0.0000034976
0.0000034975
0.0000034974
0.0000034973
0.0000034972
0.0000034971
0.0000034970
0.0000034969
0.0000034968
0.0000034967
0.0000034966
0.0000034965
0.0000034964
0.0000034963
0.0000034962
