0.0000020493
0.0000020492
0.0000020492
0.0000020491
0.0000020491
0.0000020490
0.0000020490
0.0000020489
0.0000020489
0.0000020488
0.0000020487
0.0000020487
0.0000020486
0.0000020486
0.0000020485
0.0000020485
0.0000020484
0.0000020484
0.0000020483
0.0000020483
0.0000020482
0.0000020482
0.0000020481
0.0000020481
0.0000020480
0.0000020479
0.0000020479
0.0000020478
0.0000020478
0.0000020477
0.0000020477
0.0000020476
0.0000020476
0.0000020475
0.0000020475
0.0000020474
0.0000020474
0.0000020473
0.0000020473
0.0000020472
0.0000020471
0.0000020471
0.0000020470
0.0000020470
0.0000020469
0.0000020469
0.0000020468
0.0000020468
0.0000020467
0.0000020467
0.0000020466
0.0000020466
0.0000020465
0.0000020464
0.0000020464
0.0000020463
0.0000020463
0.0000020462
0.0000020462
0.0000020461
0.0000020461
0.0000020460
0.0000020460
0.0000020459
0.0000020459
0.0000020458
0.0000020458
0.0000020457
0.0000020456
0.0000020456
0.0000020455
0.0000020455
0.0000020454
0.0000020454
0.0000020453
0.0000020453
0.0000020452
0.0000020452
0.0000020451
0.0000020451
0.0000020450
0.0000020450
0.0000020449
0.0000020448
0.0000020448
0.0000020447
0.0000020447
0.0000020446
0.0000020446
0.0000020445
0.0000020445
0.0000020444
0.0000020444
0.0000020443
0.0000020443
0.0000020442
0.0000020442
0.0000020441
0.0000020440
0.0000020440
0.0000020439
0.0000020439
0.0000020438
0.0000020438
0.0000020437
0.0000020437
0.0000020436
0.0000020436
0.0000020435
0.0000020435
0.0000020434
0.0000020434
0.0000020433
0.0000020432
0.0000020432
0.0000020431
0.0000020431
0.0000020430
0.0000020430
0.0000020429
0.0000020429
0.0000020428
0.0000020428
0.0000020427
0.0000020427
0.0000020426
0.0000020426
0.0000020425
0.0000020424
0.0000020424
0.0000020423
0.0000020423
0.0000020422
0.0000020422
0.0000020421
0.0000020421
0.0000020420
0.0000020420
0.0000020419
0.0000020419
0.0000020418
0.0000020418
0.0000020417
0.0000020416
0.0000020416
0.0000020415
0.0000020415
0.0000020414
0.0000020414
0.0000020413
0.0000020413
0.0000020412
0.0000020412
0.0000020411
0.0000020411
0.0000020410
0.0000020410
0.0000020409
0.0000020408
0.0000020408
0.0000020407
0.0000020407
0.0000020406
0.0000020406
0.0000020405
0.0000020405
0.0000020404
0.0000020404
0.0000020403
0.0000020403
0.0000020402
0.0000020402
0.0000020401
0.0000020400
0.0000020400
0.0000020399
0.0000020399
0.0000020398
0.0000020398
0.0000020397
0.0000020397
0.0000020396
0.0000020396
0.0000020395
0.0000020395
0.0000020394
0.0000020394
0.0000020393
0.0000020392
0.0000020392
0.0000020391
0.0000020391
0.0000020390
0.0000020390
0.0000020389
0.0000020389
0.0000020388
0.0000020388
0.0000020387
0.0000020387
0.0000020386
0.0000020386
0.0000020385
0.0000020385
0.0000020384
0.0000020383
0.0000020383
0.0000020382
0.0000020382
0.0000020381
0.0000020381
0.0000020380
0.0000020380
0.0000020379
0.0000020379
0.0000020378
0.0000020378
0.0000020377
0.0000020377
0.0000020376
0.0000020375
0.0000020375
0.0000020374
0.0000020374
0.0000020373
0.0000020373
0.0000020372
0.0000020372
0.0000020371
0.0000020371
0.0000020370
0.0000020370
0.0000020369
0.0000020369
0.0000020368
0.0000020367
0.0000020367
0.0000020366
0.0000020366
0.0000020365
0.0000020365
0.0000020364
0.0000020364
0.0000020363
0.0000020363
0.0000020362
0.0000020362
0.0000020361
0.0000020361
0.0000020360
0.0000020360
0.0000020359
0.0000020358
0.0000020358
0.0000020357
0.0000020357
0.0000020356
0.0000020356
0.0000020355
0.0000020355
0.0000020354
0.0000020354
0.0000020353
0.0000020353
0.0000020352
0.0000020352
0.0000020351
0.0000020350
0.0000020350
0.0000020349
0.0000020349
0.0000020348
0.0000020348
0.0000020347
0.0000020347
0.0000020346
0.0000020346
0.0000020345
0.0000020345
0.0000020344
0.0000020344
0.0000020343
0.0000020343
0.0000020342
0.0000020341
0.0000020341
0.0000020340
0.0000020340
0.0000020339
0.0000020339
0.0000020338
0.0000020338
0.0000020337
0.0000020337
0.0000020336
0.0000020336
0.0000020335
0.0000020335
0.0000020334
0.0000020333
0.0000020333
0.0000020332
0.0000020332
0.0000020331
0.0000020331
0.0000020330
0.0000020330
0.0000020329
0.0000020329
0.0000020328
0.0000020328
0.0000020327
0.0000020327
0.0000020326
0.0000020326
0.0000020325
0.0000020324
0.0000020324
0.0000020323
0.0000020323
0.0000020322
0.0000020322
0.0000020321
0.0000020321
0.0000020320
0.0000020320
0.0000020319
0.0000020319
0.0000020318
0.0000020318
0.0000020317
0.0000020317
0.0000020316
0.0000020315
0.0000020315
0.0000020314
0.0000020314
0.0000020313
0.0000020313
0.0000020312
0.0000020312
0.0000020311
0.0000020311
0.0000020310
0.0000020310
0.0000020309
0.0000020309
0.0000020308
0.0000020308
0.0000020307
0.0000020306
0.0000020306
0.0000020305
0.0000020305
0.0000020304
0.0000020304
0.0000020303
0.0000020303
0.0000020302
0.0000020302
0.0000020301
0.0000020301
0.0000020300
0.0000020300
0.0000020299
0.0000020298
0.0000020298
0.0000020297
0.0000020297
0.0000020296
0.0000020296
0.0000020295
0.0000020295
0.0000020294
0.0000020294
0.0000020293
0.0000020293
0.0000020292
0.0000020292
0.0000020291
0.0000020291
0.0000020290
0.0000020289
0.0000020289
0.0000020288
0.0000020288
0.0000020287
0.0000020287
0.0000020286
0.0000020286
0.0000020285
0.0000020285
0.0000020284
0.0000020284
0.0000020283
0.0000020283
0.0000020282
0.0000020282
0.0000020281
0.0000020280
0.0000020280
0.0000020279
0.0000020279
0.0000020278
0.0000020278
0.0000020277
0.0000020277
0.0000020276
0.0000020276
0.0000020275
0.0000020275
0.0000020274
0.0000020274
0.0000020273
0.0000020273
0.0000020272
0.0000020271
0.0000020271
0.0000020270
0.0000020270
0.0000020269
0.0000020269
0.0000020268
0.0000020268
0.0000020267
0.0000020267
0.0000020266
0.0000020266
0.0000020265
0.0000020265
0.0000020264
0.0000020264
0.0000020263
0.0000020263
0.0000020262
0.0000020261
0.0000020261
0.0000020260
0.0000020260
0.0000020259
0.0000020259
0.0000020258
0.0000020258
0.0000020257
0.0000020257
0.0000020256
0.0000020256
0.0000020255
0.0000020255
0.0000020254
0.0000020254
0.0000020253
0.0000020252
0.0000020252
0.0000020251
0.0000020251
0.0000020250
0.0000020250
0.0000020249
0.0000020249
0.0000020248
0.0000020248
0.0000020247
0.0000020247
0.0000020246
0.0000020246
0.0000020245
0.0000020245
0.0000020244
0.0000020243
0.0000020243
0.0000020242
0.0000020242
0.0000020241
0.0000020241
0.0000020240
0.0000020240
0.0000020239
0.0000020239
0.0000020238
0.0000020238
0.0000020237
0.0000020237
0.0000020236
0.0000020236
0.0000020235
0.0000020234
0.0000020234
0.0000020233
0.0000020233
0.0000020232
0.0000020232
0.0000020231
0.0000020231
0.0000020230
0.0000020230
0.0000020229
0.0000020229
0.0000020228
0.0000020228
0.0000020227
0.0000020227
0.0000020226
0.0000020226
0.0000020225
0.0000020224
0.0000020224
0.0000020223
0.0000020223
0.0000020222
0.0000020222
0.0000020221
0.0000020221
0.0000020220
0.0000020220
0.0000020219
0.0000020219
0.0000020218
0.0000020218
0.0000020217
0.0000020217
0.0000020216
0.0000020215
0.0000020215
0.0000020214
0.0000020214
0.0000020213
0.0000020213
0.0000020212
0.0000020212
0.0000020211
0.0000020211
0.0000020210
0.0000020210
0.0000020209
0.0000020209
0.0000020208
0.0000020208
0.0000020207
0.0000020207
0.0000020206
0.0000020205
0.0000020205
0.0000020204
0.0000020204
0.0000020203
0.0000020203
0.0000020202
0.0000020202
0.0000020201
0.0000020201
0.0000020200
0.0000020200
0.0000020199
0.0000020199
0.0000020198
0.0000020198
0.0000020197
0.0000020197
0.0000020196
0.0000020195
0.0000020195
0.0000020194
0.0000020194
0.0000020193
0.0000020193
0.0000020192
0.0000020192
0.0000020191
0.0000020191
0.0000020190
0.0000020190
0.0000020189
0.0000020189
0.0000020188
0.0000020188
0.0000020187
0.0000020187
0.0000020186
0.0000020185
0.0000020185
0.0000020184
0.0000020184
0.0000020183
0.0000020183
0.0000020182
0.0000020182
0.0000020181
0.0000020181
0.0000020180
0.0000020180
0.0000020179
0.0000020179
0.0000020178
0.0000020178
0.0000020177
0.0000020177
0.0000020176
0.0000020175
0.0000020175
0.0000020174
0.0000020174
0.0000020173
0.0000020173
0.0000020172
0.0000020172
0.0000020171
0.0000020171
0.0000020170
0.0000020170
0.0000020169
0.0000020169
0.0000020168
0.0000020168
0.0000020167
0.0000020167
0.0000020166
0.0000020165
0.0000020165
0.0000020164
0.0000020164
0.0000020163
0.0000020163
0.0000020162
0.0000020162
0.0000020161
0.0000020161
0.0000020160
0.0000020160
0.0000020159
0.0000020159
0.0000020158
0.0000020158
0.0000020157
0.0000020157
0.0000020156
0.0000020155
0.0000020155
0.0000020154
0.0000020154
0.0000020153
0.0000020153
0.0000020152
0.0000020152
0.0000020151
0.0000020151
0.0000020150
0.0000020150
0.0000020149
0.0000020149
0.0000020148
0.0000020148
0.0000020147
0.0000020147
0.0000020146
0.0000020145
0.0000020145
0.0000020144
0.0000020144
0.0000020143
0.0000020143
0.0000020142
0.0000020142
0.0000020141
0.0000020141
0.0000020140
0.0000020140
0.0000020139
0.0000020139
0.0000020138
0.0000020138
0.0000020137
0.0000020137
0.0000020136
0.0000020135
0.0000020135
0.0000020134
0.0000020134
0.0000020133
0.0000020133
0.0000020132
0.0000020132
0.0000020131
0.0000020131
0.0000020130
0.0000020130
0.0000020129
0.0000020129
0.0000020128
0.0000020128
0.0000020127
0.0000020127
0.0000020126
0.0000020126
0.0000020125
0.0000020124
0.0000020124
0.0000020123
0.0000020123
0.0000020122
0.0000020122
0.0000020121
0.0000020121
0.0000020120
0.0000020120
0.0000020119
0.0000020119
0.0000020118
0.0000020118
0.0000020117
0.0000020117
0.0000020116
0.0000020116
0.0000020115
0.0000020114
0.0000020114
0.0000020113
0.0000020113
0.0000020112
0.0000020112
0.0000020111
0.0000020111
0.0000020110
0.0000020110
0.0000020109
0.0000020109
0.0000020108
0.0000020108
0.0000020107
0.0000020107
0.0000020106
0.0000020106
0.0000020105
0.0000020105
0.0000020104
0.0000020103
0.0000020103
0.0000020102
0.0000020102
0.0000020101
0.0000020101
0.0000020100
0.0000020100
0.0000020099
0.0000020099
0.0000020098
0.0000020098
0.0000020097
0.0000020097
0.0000020096
0.0000020096
0.0000020095
0.0000020095
0.0000020094
0.0000020093
0.0000020093
0.0000020092
0.0000020092
0.0000020091
0.0000020091
0.0000020090
0.0000020090
0.0000020089
0.0000020089
0.0000020088
0.0000020088
0.0000020087
0.0000020087
0.0000020086
0.0000020086
0.0000020085
0.0000020085
0.0000020084
0.0000020084
0.0000020083
0.0000020082
0.0000020082
0.0000020081
0.0000020081
0.0000020080
0.0000020080
0.0000020079
0.0000020079
0.0000020078
0.0000020078
0.0000020077
0.0000020077
0.0000020076
0.0000020076
0.0000020075
0.0000020075
0.0000020074
0.0000020074
0.0000020073
0.0000020073
0.0000020072
0.0000020071
0.0000020071
0.0000020070
0.0000020070
0.0000020069
0.0000020069
0.0000020068
0.0000020068
0.0000020067
0.0000020067
0.0000020066
0.0000020066
0.0000020065
0.0000020065
0.0000020064
0.0000020064
0.0000020063
0.0000020063
0.0000020062
0.0000020062
0.0000020061
0.0000020061
0.0000020060
0.0000020059
0.0000020059
0.0000020058
0.0000020058
0.0000020057
0.0000020057
0.0000020056
0.0000020056
0.0000020055
0.0000020055
0.0000020054
0.0000020054
0.0000020053
0.0000020053
0.0000020052
0.0000020052
0.0000020051
0.0000020051
0.0000020050
0.0000020050
0.0000020049
0.0000020048
0.0000020048
0.0000020047
0.0000020047
0.0000020046
0.0000020046
0.0000020045
0.0000020045
0.0000020044
0.0000020044
0.0000020043
0.0000020043
0.0000020042
0.0000020042
0.0000020041
0.0000020041
0.0000020040
0.0000020040
0.0000020039
0.0000020039
0.0000020038
0.0000020037
0.0000020037
0.0000020036
0.0000020036
0.0000020035
0.0000020035
0.0000020034
0.0000020034
0.0000020033
0.0000020033
0.0000020032
0.0000020032
0.0000020031
0.0000020031
0.0000020030
0.0000020030
0.0000020029
0.0000020029
0.0000020028
0.0000020028
0.0000020027
0.0000020027
0.0000020026
0.0000020025
0.0000020025
0.0000020024
0.0000020024
0.0000020023
0.0000020023
0.0000020022
0.0000020022
0.0000020021
0.0000020021
0.0000020020
0.0000020020
0.0000020019
0.0000020019
0.0000020018
0.0000020018
0.0000020017
0.0000020017
0.0000020016
0.0000020016
0.0000020015
0.0000020015
0.0000020014
0.0000020013
0.0000020013
0.0000020012
0.0000020012
0.0000020011
0.0000020011
0.0000020010
0.0000020010
0.0000020009
0.0000020009
0.0000020008
0.0000020008
0.0000020007
0.0000020007
0.0000020006
0.0000020006
0.0000020005
0.0000020005
0.0000020004
0.0000020004
0.0000020003
0.0000020003
0.0000020002
0.0000020001
0.0000020001
0.0000020000
0.0000020000
0.0000019999
0.0000019999
0.0000019998
0.0000019998
0.0000019997
0.0000019997
0.0000019996
0.0000019996
0.0000019995
0.0000019995
0.0000019994
0.0000019994
0.0000019993
0.0000019993
0.0000019992
0.0000019992
0.0000019991
0.0000019991
0.0000019990
0.0000019989
0.0000019989
0.0000019988
0.0000019988
0.0000019987
0.0000019987
0.0000019986
0.0000019986
0.0000019985
0.0000019985
0.0000019984
0.0000019984
0.0000019983
0.0000019983
0.0000019982
0.0000019982
0.0000019981
0.0000019981
0.0000019980
0.0000019980
0.0000019979
0.0000019979
0.0000019978
0.0000019977
0.0000019977
0.0000019976
0.0000019976
0.0000019975
0.0000019975
0.0000019974
0.0000019974
0.0000019973
0.0000019973
0.0000019972
0.0000019972
0.0000019971
0.0000019971
0.0000019970
0.0000019970
0.0000019969
0.0000019969
0.0000019968
0.0000019968
0.0000019967
0.0000019967
0.0000019966
0.0000019965
0.0000019965
0.0000019964
0.0000019964
0.0000019963
0.0000019963
0.0000019962
0.0000019962
0.0000019961
0.0000019961
0.0000019960
0.0000019960
0.0000019959
0.0000019959
0.0000019958
0.0000019958
0.0000019957
0.0000019957
0.0000019956
0.0000019956
0.0000019955
0.0000019955
0.0000019954
0.0000019954
0.0000019953
0.0000019952
0.0000019952
0.0000019951
0.0000019951
0.0000019950
0.0000019950
0.0000019949
0.0000019949
0.0000019948
0.0000019948
0.0000019947
0.0000019947
0.0000019946
0.0000019946
0.0000019945
0.0000019945
0.0000019944
0.0000019944
0.0000019943
0.0000019943
0.0000019942
0.0000019942
0.0000019941
0.0000019941
0.0000019940
0.0000019939
0.0000019939
0.0000019938
0.0000019938
0.0000019937
0.0000019937
0.0000019936
0.0000019936
0.0000019935
0.0000019935
0.0000019934
0.0000019934
0.0000019933
0.0000019933
0.0000019932
0.0000019932
0.0000019931
0.0000019931
0.0000019930
0.0000019930
0.0000019929
0.0000019929
0.0000019928
0.0000019928
0.0000019927
0.0000019926
0.0000019926
0.0000019925
0.0000019925
0.0000019924
0.0000019924
0.0000019923
0.0000019923
0.0000019922
0.0000019922
0.0000019921
0.0000019921
0.0000019920
0.0000019920
0.0000019919
0.0000019919
0.0000019918
0.0000019918
0.0000019917
0.0000019917
0.0000019916
0.0000019916
0.0000019915
0.0000019915
0.0000019914
0.0000019913
0.0000019913
0.0000019912
0.0000019912
0.0000019911
0.0000019911
0.0000019910
0.0000019910
0.0000019909
0.0000019909
0.0000019908
0.0000019908
0.0000019907
0.0000019907
0.0000019906
0.0000019906
0.0000019905
0.0000019905
0.0000019904
0.0000019904
0.0000019903
0.0000019903
0.0000019902
0.0000019902
0.0000019901
0.0000019901
0.0000019900
0.0000019899
0.0000019899
0.0000019898
0.0000019898
0.0000019897
0.0000019897
0.0000019896
0.0000019896
0.0000019895
0.0000019895
0.0000019894
0.0000019894
0.0000019893
0.0000019893
0.0000019892
0.0000019892
0.0000019891
0.0000019891
0.0000019890
0.0000019890
0.0000019889
0.0000019889
0.0000019888
0.0000019888
0.0000019887
0.0000019887
0.0000019886
0.0000019885
0.0000019885
0.0000019884
0.0000019884
0.0000019883
0.0000019883
0.0000019882
0.0000019882
0.0000019881
0.0000019881
0.0000019880
0.0000019880
0.0000019879
0.0000019879
0.0000019878
0.0000019878
0.0000019877
0.0000019877
0.0000019876
0.0000019876
0.0000019875
0.0000019875
0.0000019874
0.0000019874
0.0000019873
0.0000019873
0.0000019872
0.0000019871
0.0000019871
0.0000019870
0.0000019870
0.0000019869
0.0000019869
0.0000019868
0.0000019868
0.0000019867
0.0000019867
0.0000019866
0.0000019866
0.0000019865
0.0000019865
0.0000019864
0.0000019864
0.0000019863
0.0000019863
0.0000019862
0.0000019862
0.0000019861
0.0000019861
0.0000019860
0.0000019860
0.0000019859
0.0000019859
0.0000019858
0.0000019857
0.0000019857
0.0000019856
0.0000019856
0.0000019855
0.0000019855
0.0000019854
0.0000019854
0.0000019853
0.0000019853
0.0000019852
0.0000019852
0.0000019851
0.0000019851
0.0000019850
0.0000019850
0.0000019849
0.0000019849
0.0000019848
0.0000019848
0.0000019847
0.0000019847
0.0000019846
0.0000019846
0.0000019845
0.0000019845
0.0000019844
0.0000019844
0.0000019843
0.0000019842
0.0000019842
0.0000019841
0.0000019841
0.0000019840
0.0000019840
0.0000019839
0.0000019839
0.0000019838
0.0000019838
0.0000019837
0.0000019837
0.0000019836
0.0000019836
0.0000019835
0.0000019835
0.0000019834
0.0000019834
0.0000019833
0.0000019833
0.0000019832
0.0000019832
0.0000019831
0.0000019831
0.0000019830
0.0000019830
0.0000019829
0.0000019829
0.0000019828
0.0000019827
0.0000019827
0.0000019826
0.0000019826
0.0000019825
0.0000019825
0.0000019824
0.0000019824
0.0000019823
0.0000019823
0.0000019822
0.0000019822
0.0000019821
0.0000019821
0.0000019820
0.0000019820
0.0000019819
0.0000019819
0.0000019818
0.0000019818
0.0000019817
0.0000019817
0.0000019816
0.0000019816
0.0000019815
0.0000019815
0.0000019814
0.0000019814
0.0000019813
0.0000019812
0.0000019812
0.0000019811
0.0000019811
0.0000019810
0.0000019810
0.0000019809
0.0000019809
0.0000019808
0.0000019808
0.0000019807
0.0000019807
0.0000019806
0.0000019806
0.0000019805
0.0000019805
0.0000019804
0.0000019804
0.0000019803
0.0000019803
0.0000019802
0.0000019802
0.0000019801
0.0000019801
0.0000019800
0.0000019800
0.0000019799
0.0000019799
0.0000019798
0.0000019798
0.0000019797
0.0000019796
0.0000019796
0.0000019795
0.0000019795
0.0000019794
0.0000019794
0.0000019793
0.0000019793
0.0000019792
0.0000019792
0.0000019791
0.0000019791
0.0000019790
0.0000019790
0.0000019789
0.0000019789
0.0000019788
0.0000019788
0.0000019787
0.0000019787
0.0000019786
0.0000019786
0.0000019785
0.0000019785
0.0000019784
0.0000019784
0.0000019783
0.0000019783
0.0000019782
0.0000019782
0.0000019781
0.0000019780
0.0000019780
0.0000019779
0.0000019779
0.0000019778
0.0000019778
0.0000019777
0.0000019777
0.0000019776
0.0000019776
0.0000019775
0.0000019775
0.0000019774
0.0000019774
0.0000019773
0.0000019773
0.0000019772
0.0000019772
0.0000019771
0.0000019771
0.0000019770
0.0000019770
0.0000019769
0.0000019769
0.0000019768
0.0000019768
0.0000019767
0.0000019767
0.0000019766
0.0000019766
0.0000019765
0.0000019765
0.0000019764
0.0000019763
0.0000019763
0.0000019762
0.0000019762
0.0000019761
0.0000019761
0.0000019760
0.0000019760
0.0000019759
0.0000019759
0.0000019758
0.0000019758
0.0000019757
0.0000019757
0.0000019756
0.0000019756
0.0000019755
0.0000019755
0.0000019754
0.0000019754
0.0000019753
0.0000019753
0.0000019752
0.0000019752
0.0000019751
0.0000019751
0.0000019750
0.0000019750
0.0000019749
0.0000019749
0.0000019748
0.0000019748
0.0000019747
0.0000019746
0.0000019746
0.0000019745
0.0000019745
0.0000019744
0.0000019744
0.0000019743
0.0000019743
0.0000019742
0.0000019742
0.0000019741
0.0000019741
0.0000019740
0.0000019740
0.0000019739
0.0000019739
0.0000019738
0.0000019738
0.0000019737
0.0000019737
0.0000019736
0.0000019736
0.0000019735
0.0000019735
0.0000019734
0.0000019734
0.0000019733
0.0000019733
0.0000019732
0.0000019732
0.0000019731
0.0000019731
0.0000019730
0.0000019730
0.0000019729
0.0000019728
0.0000019728
0.0000019727
0.0000019727
0.0000019726
0.0000019726
0.0000019725
0.0000019725
0.0000019724
0.0000019724
0.0000019723
0.0000019723
0.0000019722
0.0000019722
0.0000019721
0.0000019721
0.0000019720
0.0000019720
0.0000019719
0.0000019719
0.0000019718
0.0000019718
0.0000019717
0.0000019717
0.0000019716
0.0000019716
0.0000019715
0.0000019715
0.0000019714
0.0000019714
0.0000019713
0.0000019713
0.0000019712
0.0000019712
0.0000019711
0.0000019710
0.0000019710
0.0000019709
0.0000019709
0.0000019708
0.0000019708
0.0000019707
0.0000019707
0.0000019706
0.0000019706
0.0000019705
0.0000019705
0.0000019704
0.0000019704
0.0000019703
0.0000019703
0.0000019702
0.0000019702
0.0000019701
0.0000019701
0.0000019700
0.0000019700
0.0000019699
0.0000019699
0.0000019698
0.0000019698
0.0000019697
0.0000019697
0.0000019696
0.0000019696
0.0000019695
0.0000019695
0.0000019694
0.0000019694
0.0000019693
0.0000019693
0.0000019692
0.0000019691
0.0000019691
0.0000019690
0.0000019690
0.0000019689
0.0000019689
0.0000019688
0.0000019688
0.0000019687
0.0000019687
0.0000019686
0.0000019686
0.0000019685
0.0000019685
0.0000019684
0.0000019684
0.0000019683
0.0000019683
0.0000019682
0.0000019682
0.0000019681
0.0000019681
0.0000019680
0.0000019680
0.0000019679
0.0000019679
0.0000019678
0.0000019678
0.0000019677
0.0000019677
0.0000019676
0.0000019676
0.0000019675
0.0000019675
0.0000019674
0.0000019674
0.0000019673
0.0000019673
0.0000019672
0.0000019671
0.0000019671
0.0000019670
0.0000019670
0.0000019669
0.0000019669
0.0000019668
0.0000019668
0.0000019667
0.0000019667
0.0000019666
0.0000019666
0.0000019665
0.0000019665
0.0000019664
0.0000019664
0.0000019663
0.0000019663
0.0000019662
0.0000019662
0.0000019661
0.0000019661
0.0000019660
0.0000019660
0.0000019659
0.0000019659
0.0000019658
0.0000019658
0.0000019657
0.0000019657
0.0000019656
0.0000019656
0.0000019655
0.0000019655
0.0000019654
0.0000019654
0.0000019653
0.0000019653
0.0000019652
0.0000019651
0.0000019651
0.0000019650
0.0000019650
0.0000019649
0.0000019649
0.0000019648
0.0000019648
0.0000019647
0.0000019647
0.0000019646
0.0000019646
0.0000019645
0.0000019645
0.0000019644
0.0000019644
0.0000019643
0.0000019643
0.0000019642
0.0000019642
0.0000019641
0.0000019641
0.0000019640
0.0000019640
0.0000019639
0.0000019639
0.0000019638
0.0000019638
0.0000019637
0.0000019637
0.0000019636
0.0000019636
0.0000019635
0.0000019635
0.0000019634
0.0000019634
0.0000019633
0.0000019633
0.0000019632
0.0000019632
0.0000019631
0.0000019631
0.0000019630
0.0000019629
0.0000019629
0.0000019628
0.0000019628
0.0000019627
0.0000019627
0.0000019626
0.0000019626
0.0000019625
0.0000019625
0.0000019624
0.0000019624
0.0000019623
0.0000019623
0.0000019622
0.0000019622
0.0000019621
0.0000019621
0.0000019620
0.0000019620
0.0000019619
0.0000019619
0.0000019618
0.0000019618
0.0000019617
0.0000019617
0.0000019616
0.0000019616
0.0000019615
0.0000019615
0.0000019614
0.0000019614
0.0000019613
0.0000019613
0.0000019612
0.0000019612
0.0000019611
0.0000019611
0.0000019610
0.0000019610
0.0000019609
0.0000019609
0.0000019608
0.0000019607
0.0000019607
0.0000019606
0.0000019606
0.0000019605
0.0000019605
0.0000019604
0.0000019604
0.0000019603
0.0000019603
0.0000019602
0.0000019602
0.0000019601
0.0000019601
0.0000019600
0.0000019600
0.0000019599
0.0000019599
0.0000019598
0.0000019598
0.0000019597
0.0000019597
0.0000019596
0.0000019596
0.0000019595
0.0000019595
0.0000019594
0.0000019594
0.0000019593
0.0000019593
0.0000019592
0.0000019592
0.0000019591
0.0000019591
0.0000019590
0.0000019590
0.0000019589
0.0000019589
0.0000019588
0.0000019588
0.0000019587
0.0000019587
0.0000019586
0.0000019586
0.0000019585
0.0000019585
0.0000019584
0.0000019583
0.0000019583
0.0000019582
0.0000019582
0.0000019581
0.0000019581
0.0000019580
0.0000019580
0.0000019579
0.0000019579
0.0000019578
0.0000019578
0.0000019577
0.0000019577
0.0000019576
0.0000019576
0.0000019575
0.0000019575
0.0000019574
0.0000019574
0.0000019573
0.0000019573
0.0000019572
0.0000019572
0.0000019571
0.0000019571
0.0000019570
0.0000019570
0.0000019569
0.0000019569
0.0000019568
0.0000019568
0.0000019567
0.0000019567
0.0000019566
0.0000019566
0.0000019565
0.0000019565
0.0000019564
0.0000019564
0.0000019563
0.0000019563
0.0000019562
0.0000019562
0.0000019561
0.0000019561
0.0000019560
0.0000019560
0.0000019559
0.0000019559
0.0000019558
0.0000019557
0.0000019557
0.0000019556
0.0000019556
0.0000019555
0.0000019555
0.0000019554
0.0000019554
0.0000019553
0.0000019553
0.0000019552
0.0000019552
0.0000019551
0.0000019551
0.0000019550
0.0000019550
0.0000019549
0.0000019549
0.0000019548
0.0000019548
0.0000019547
0.0000019547
0.0000019546
0.0000019546
0.0000019545
0.0000019545
0.0000019544
0.0000019544
0.0000019543
0.0000019543
0.0000019542
0.0000019542
0.0000019541
0.0000019541
0.0000019540
0.0000019540
0.0000019539
0.0000019539
0.0000019538
0.0000019538
0.0000019537
0.0000019537
0.0000019536
0.0000019536
0.0000019535
0.0000019535
0.0000019534
0.0000019534
0.0000019533
0.0000019533
0.0000019532
0.0000019532
0.0000019531
0.0000019530
0.0000019530
0.0000019529
0.0000019529
0.0000019528
0.0000019528
0.0000019527
0.0000019527
0.0000019526
0.0000019526
0.0000019525
0.0000019525
0.0000019524
0.0000019524
0.0000019523
0.0000019523
0.0000019522
0.0000019522
0.0000019521
0.0000019521
0.0000019520
0.0000019520
0.0000019519
0.0000019519
0.0000019518
0.0000019518
0.0000019517
0.0000019517
0.0000019516
0.0000019516
0.0000019515
0.0000019515
0.0000019514
0.0000019514
0.0000019513
0.0000019513
0.0000019512
0.0000019512
0.0000019511
0.0000019511
0.0000019510
0.0000019510
0.0000019509
0.0000019509
0.0000019508
0.0000019508
0.0000019507
0.0000019507
0.0000019506
0.0000019506
0.0000019505
0.0000019505
0.0000019504
0.0000019504
0.0000019503
0.0000019503
0.0000019502
0.0000019502
0.0000019501
0.0000019500
0.0000019500
0.0000019499
0.0000019499
0.0000019498
0.0000019498
0.0000019497
0.0000019497
0.0000019496
0.0000019496
0.0000019495
0.0000019495
0.0000019494
0.0000019494
0.0000019493
0.0000019493
0.0000019492
0.0000019492
0.0000019491
0.0000019491
0.0000019490
0.0000019490
0.0000019489
0.0000019489
0.0000019488
0.0000019488
0.0000019487
0.0000019487
0.0000019486
0.0000019486
0.0000019485
0.0000019485
0.0000019484
0.0000019484
0.0000019483
0.0000019483
0.0000019482
0.0000019482
0.0000019481
0.0000019481
0.0000019480
0.0000019480
0.0000019479
0.0000019479
0.0000019478
0.0000019478
0.0000019477
0.0000019477
0.0000019476
0.0000019476
0.0000019475
0.0000019475
0.0000019474
0.0000019474
0.0000019473
0.0000019473
0.0000019472
0.0000019472
0.0000019471
0.0000019471
0.0000019470
0.0000019470
0.0000019469
0.0000019469
0.0000019468
0.0000019467
0.0000019467
0.0000019466
0.0000019466
0.0000019465
0.0000019465
0.0000019464
0.0000019464
0.0000019463
0.0000019463
0.0000019462
0.0000019462
0.0000019461
0.0000019461
0.0000019460
0.0000019460
0.0000019459
0.0000019459
0.0000019458
0.0000019458
0.0000019457
0.0000019457
0.0000019456
0.0000019456
0.0000019455
0.0000019455
0.0000019454
0.0000019454
0.0000019453
0.0000019453
0.0000019452
0.0000019452
0.0000019451
0.0000019451
0.0000019450
0.0000019450
0.0000019449
0.0000019449
0.0000019448
0.0000019448
0.0000019447
0.0000019447
0.0000019446
0.0000019446
0.0000019445
0.0000019445
0.0000019444
0.0000019444
0.0000019443
0.0000019443
0.0000019442
0.0000019442
0.0000019441
0.0000019441
0.0000019440
0.0000019440
0.0000019439
0.0000019439
0.0000019438
0.0000019438
0.0000019437
0.0000019437
0.0000019436
0.0000019436
0.0000019435
0.0000019435
0.0000019434
0.0000019434
0.0000019433
0.0000019433
0.0000019432
0.0000019432
0.0000019431
0.0000019430
0.0000019430
0.0000019429
0.0000019429
0.0000019428
0.0000019428
0.0000019427
0.0000019427
0.0000019426
0.0000019426
0.0000019425
0.0000019425
0.0000019424
0.0000019424
0.0000019423
0.0000019423
0.0000019422
0.0000019422
0.0000019421
0.0000019421
0.0000019420
0.0000019420
0.0000019419
0.0000019419
0.0000019418
0.0000019418
0.0000019417
0.0000019417
0.0000019416
0.0000019416
0.0000019415
0.0000019415
0.0000019414
0.0000019414
0.0000019413
0.0000019413
0.0000019412
0.0000019412
0.0000019411
0.0000019411
0.0000019410
0.0000019410
0.0000019409
0.0000019409
0.0000019408
0.0000019408
0.0000019407
0.0000019407
0.0000019406
0.0000019406
0.0000019405
0.0000019405
0.0000019404
0.0000019404
0.0000019403
0.0000019403
0.0000019402
0.0000019402
0.0000019401
0.0000019401
0.0000019400
0.0000019400
0.0000019399
0.0000019399
0.0000019398
0.0000019398
0.0000019397
0.0000019397
0.0000019396
0.0000019396
0.0000019395
0.0000019395
0.0000019394
0.0000019394
0.0000019393
0.0000019393
0.0000019392
0.0000019392
0.0000019391
0.0000019391
0.0000019390
0.0000019390
0.0000019389
0.0000019389
0.0000019388
0.0000019388
0.0000019387
0.0000019387
0.0000019386
0.0000019385
0.0000019385
0.0000019384
0.0000019384
0.0000019383
0.0000019383
0.0000019382
0.0000019382
0.0000019381
0.0000019381
0.0000019380
0.0000019380
0.0000019379
0.0000019379
0.0000019378
0.0000019378
0.0000019377
0.0000019377
0.0000019376
0.0000019376
0.0000019375
0.0000019375
0.0000019374
0.0000019374
0.0000019373
0.0000019373
0.0000019372
0.0000019372
0.0000019371
0.0000019371
0.0000019370
0.0000019370
0.0000019369
0.0000019369
0.0000019368
0.0000019368
0.0000019367
0.0000019367
0.0000019366
0.0000019366
0.0000019365
0.0000019365
0.0000019364
0.0000019364
0.0000019363
0.0000019363
0.0000019362
0.0000019362
0.0000019361
0.0000019361
0.0000019360
0.0000019360
0.0000019359
0.0000019359
0.0000019358
0.0000019358
0.0000019357
0.0000019357
0.0000019356
0.0000019356
0.0000019355
0.0000019355
0.0000019354
0.0000019354
0.0000019353
0.0000019353
0.0000019352
0.0000019352
0.0000019351
0.0000019351
0.0000019350
0.0000019350
0.0000019349
0.0000019349
0.0000019348
0.0000019348
0.0000019347
0.0000019347
0.0000019346
0.0000019346
0.0000019345
0.0000019345
0.0000019344
0.0000019344
0.0000019343
0.0000019343
0.0000019342
0.0000019342
0.0000019341
0.0000019341
0.0000019340
0.0000019340
0.0000019339
0.0000019339
0.0000019338
0.0000019338
0.0000019337
0.0000019337
0.0000019336
0.0000019336
0.0000019335
0.0000019335
0.0000019334
0.0000019334
0.0000019333
0.0000019333
0.0000019332
0.0000019332
0.0000019331
0.0000019331
0.0000019330
0.0000019330
0.0000019329
0.0000019329
0.0000019328
0.0000019328
0.0000019327
0.0000019327
0.0000019326
0.0000019326
0.0000019325
0.0000019324
0.0000019324
0.0000019323
0.0000019323
0.0000019322
0.0000019322
0.0000019321
0.0000019321
0.0000019320
0.0000019320
0.0000019319
0.0000019319
0.0000019318
0.0000019318
0.0000019317
0.0000019317
0.0000019316
0.0000019316
0.0000019315
0.0000019315
0.0000019314
0.0000019314
0.0000019313
0.0000019313
0.0000019312
0.0000019312
0.0000019311
0.0000019311
0.0000019310
0.0000019310
0.0000019309
0.0000019309
0.0000019308
0.0000019308
0.0000019307
0.0000019307
0.0000019306
0.0000019306
0.0000019305
0.0000019305
0.0000019304
0.0000019304
0.0000019303
0.0000019303
0.0000019302
0.0000019302
0.0000019301
0.0000019301
0.0000019300
0.0000019300
0.0000019299
0.0000019299
0.0000019298
0.0000019298
0.0000019297
0.0000019297
0.0000019296
0.0000019296
0.0000019295
0.0000019295
0.0000019294
0.0000019294
0.0000019293
0.0000019293
0.0000019292
0.0000019292
0.0000019291
0.0000019291
0.0000019290
0.0000019290
0.0000019289
0.0000019289
0.0000019288
0.0000019288
0.0000019287
0.0000019287
0.0000019286
0.0000019286
0.0000019285
0.0000019285
0.0000019284
0.0000019284
0.0000019283
0.0000019283
0.0000019282
0.0000019282
0.0000019281
0.0000019281
0.0000019280
0.0000019280
0.0000019279
0.0000019279
0.0000019278
0.0000019278
0.0000019277
0.0000019277
0.0000019276
0.0000019276
0.0000019275
0.0000019275
0.0000019274
0.0000019274
0.0000019273
0.0000019273
0.0000019272
0.0000019272
0.0000019271
0.0000019271
0.0000019270
0.0000019270
0.0000019269
0.0000019269
0.0000019268
0.0000019268
0.0000019267
0.0000019267
0.0000019266
0.0000019266
0.0000019265
0.0000019265
0.0000019264
0.0000019264
0.0000019263
0.0000019263
0.0000019262
0.0000019262
0.0000019261
0.0000019261
0.0000019260
0.0000019260
0.0000019259
0.0000019259
0.0000019258
0.0000019258
0.0000019257
0.0000019257
0.0000019256
0.0000019256
0.0000019255
0.0000019255
0.0000019254
0.0000019254
0.0000019253
0.0000019253
0.0000019252
0.0000019252
0.0000019251
0.0000019251
0.0000019250
0.0000019250
0.0000019249
0.0000019249
0.0000019248
0.0000019248
0.0000019247
0.0000019247
0.0000019246
0.0000019246
0.0000019245
0.0000019245
0.0000019244
0.0000019244
0.0000019243
0.0000019243
0.0000019242
0.0000019242
0.0000019241
0.0000019241
0.0000019240
0.0000019240
0.0000019239
0.0000019239
0.0000019238
0.0000019238
0.0000019237
0.0000019237
0.0000019236
0.0000019236
0.0000019235
0.0000019235
0.0000019234
0.0000019234
0.0000019233
0.0000019233
0.0000019232
0.0000019232
0.0000019231
0.0000019231
0.0000019230
0.0000019230
0.0000019229
0.0000019229
0.0000019228
0.0000019228
0.0000019227
0.0000019227
0.0000019226
0.0000019226
0.0000019225
0.0000019225
0.0000019224
0.0000019224
0.0000019223
0.0000019223
0.0000019222
0.0000019222
0.0000019221
0.0000019221
0.0000019220
0.0000019220
0.0000019219
0.0000019219
0.0000019218
0.0000019218
0.0000019217
0.0000019217
0.0000019216
0.0000019216
0.0000019215
0.0000019215
0.0000019214
0.0000019214
0.0000019213
0.0000019213
0.0000019212
0.0000019212
0.0000019211
0.0000019211
0.0000019210
0.0000019210
0.0000019209
0.0000019209
0.0000019208
0.0000019208
0.0000019207
0.0000019207
0.0000019206
0.0000019206
0.0000019205
0.0000019205
0.0000019204
0.0000019204
0.0000019203
0.0000019203
0.0000019202
0.0000019202
0.0000019201
0.0000019201
0.0000019200
0.0000019200
0.0000019199
0.0000019199
0.0000019198
0.0000019198
0.0000019197
0.0000019197
0.0000019196
0.0000019196
0.0000019195
0.0000019195
0.0000019194
0.0000019194
0.0000019193
0.0000019193
0.0000019192
0.0000019192
0.0000019191
0.0000019191
0.0000019190
0.0000019190
0.0000019189
0.0000019189
0.0000019188
0.0000019188
0.0000019187
0.0000019187
0.0000019186
0.0000019186
0.0000019185
0.0000019185
0.0000019184
0.0000019184
0.0000019183
0.0000019183
0.0000019182
0.0000019182
0.0000019181
0.0000019181
0.0000019180
0.0000019180
0.0000019179
0.0000019179
0.0000019178
0.0000019178
0.0000019177
0.0000019177
0.0000019176
0.0000019176
0.0000019175
0.0000019175
0.0000019174
0.0000019174
0.0000019173
0.0000019173
0.0000019172
0.0000019172
0.0000019171
0.0000019171
0.0000019170
0.0000019170
0.0000019169
0.0000019169
0.0000019168
0.0000019168
0.0000019167
0.0000019167
0.0000019166
0.0000019166
0.0000019165
0.0000019165
0.0000019164
0.0000019164
0.0000019163
0.0000019163
0.0000019162
0.0000019162
0.0000019161
0.0000019161
0.0000019160
0.0000019160
0.0000019159
0.0000019159
0.0000019158
0.0000019158
0.0000019157
0.0000019157
0.0000019156
0.0000019156
0.0000019155
0.0000019155
0.0000019154
0.0000019154
0.0000019153
0.0000019153
0.0000019152
0.0000019152
0.0000019151
0.0000019151
0.0000019150
0.0000019150
0.0000019149
0.0000019149
0.0000019148
0.0000019148
0.0000019147
0.0000019147
0.0000019146
0.0000019146
0.0000019145
0.0000019145
0.0000019144
0.0000019144
0.0000019143
0.0000019143
0.0000019142
0.0000019142
0.0000019141
0.0000019141
0.0000019140
0.0000019140
0.0000019139
0.0000019139
0.0000019138
0.0000019138
0.0000019137
0.0000019137
0.0000019136
0.0000019136
0.0000019135
0.0000019135
0.0000019134
0.0000019134
0.0000019133
0.0000019133
0.0000019132
0.0000019132
0.0000019131
0.0000019131
0.0000019130
0.0000019130
0.0000019129
0.0000019129
0.0000019128
0.0000019128
0.0000019127
0.0000019127
0.0000019126
0.0000019126
0.0000019125
0.0000019125
0.0000019124
0.0000019124
0.0000019123
0.0000019123
0.0000019122
0.0000019122
0.0000019121
0.0000019121
0.0000019120
0.0000019120
0.0000019119
0.0000019119
0.0000019118
0.0000019118
0.0000019117
0.0000019117
0.0000019116
0.0000019116
0.0000019115
0.0000019115
0.0000019114
0.0000019114
0.0000019113
0.0000019113
0.0000019112
0.0000019112
0.0000019111
0.0000019111
0.0000019110
0.0000019110
0.0000019109
0.0000019109
0.0000019108
0.0000019108
0.0000019107
0.0000019107
0.0000019106
0.0000019106
0.0000019105
0.0000019105
0.0000019104
0.0000019104
0.0000019103
0.0000019103
0.0000019102
0.0000019102
0.0000019101
0.0000019101
0.0000019100
0.0000019100
0.0000019099
0.0000019099
0.0000019098
0.0000019098
0.0000019097
0.0000019097
0.0000019096
0.0000019096
0.0000019095
0.0000019095
0.0000019094
0.0000019094
0.0000019093
0.0000019093
0.0000019092
0.0000019092
0.0000019091
0.0000019091
0.0000019090
0.0000019090
0.0000019089
0.0000019089
0.0000019088
0.0000019088
0.0000019087
0.0000019087
0.0000019086
0.0000019086
0.0000019085
0.0000019085
0.0000019084
0.0000019084
0.0000019083
0.0000019083
0.0000019082
0.0000019082
0.0000019081
0.0000019081
0.0000019080
0.0000019080
0.0000019079
0.0000019079
0.0000019078
0.0000019078
0.0000019077
0.0000019077
0.0000019076
0.0000019076
0.0000019076
0.0000019075
0.0000019075
0.0000019074
0.0000019074
0.0000019073
0.0000019073
0.0000019072
0.0000019072
0.0000019071
0.0000019071
0.0000019070
0.0000019070
0.0000019069
0.0000019069
0.0000019068
0.0000019068
0.0000019067
0.0000019067
0.0000019066
0.0000019066
0.0000019065
0.0000019065
0.0000019064
0.0000019064
0.0000019063
0.0000019063
0.0000019062
0.0000019062
0.0000019061
0.0000019061
0.0000019060
0.0000019060
0.0000019059
0.0000019059
0.0000019058
0.0000019058
0.0000019057
0.0000019057
0.0000019056
0.0000019056
0.0000019055
0.0000019055
0.0000019054
0.0000019054
0.0000019053
0.0000019053
0.0000019052
0.0000019052
0.0000019051
0.0000019051
0.0000019050
0.0000019050
0.0000019049
0.0000019049
0.0000019048
0.0000019048
0.0000019047
0.0000019047
0.0000019046
0.0000019046
0.0000019045
0.0000019045
0.0000019044
0.0000019044
0.0000019043
0.0000019043
0.0000019042
0.0000019042
0.0000019041
0.0000019041
0.0000019040
0.0000019040
0.0000019039
0.0000019039
0.0000019038
0.0000019038
0.0000019037
0.0000019037
0.0000019036
0.0000019036
0.0000019035
0.0000019035
0.0000019034
0.0000019034
0.0000019033
0.0000019033
0.0000019032
0.0000019032
0.0000019031
0.0000019031
0.0000019030
0.0000019030
0.0000019029
0.0000019029
0.0000019028
0.0000019028
0.0000019027
0.0000019027
0.0000019026
0.0000019026
0.0000019025
0.0000019025
0.0000019024
0.0000019024
0.0000019023
0.0000019023
0.0000019022
0.0000019022
0.0000019021
0.0000019021
0.0000019020
0.0000019020
0.0000019019
0.0000019019
0.0000019018
0.0000019018
0.0000019017
0.0000019017
0.0000019016
0.0000019016
0.0000019016
0.0000019015
0.0000019015
0.0000019014
0.0000019014
0.0000019013
0.0000019013
0.0000019012
0.0000019012
0.0000019011
0.0000019011
0.0000019010
0.0000019010
0.0000019009
0.0000019009
0.0000019008
0.0000019008
0.0000019007
0.0000019007
0.0000019006
0.0000019006
0.0000019005
0.0000019005
0.0000019004
0.0000019004
0.0000019003
0.0000019003
0.0000019002
0.0000019002
0.0000019001
0.0000019001
0.0000019000
0.0000019000
0.0000018999
0.0000018999
0.0000018998
0.0000018998
0.0000018997
0.0000018997
0.0000018996
0.0000018996
0.0000018995
0.0000018995
0.0000018994
0.0000018994
0.0000018993
0.0000018993
0.0000018992
0.0000018992
0.0000018991
0.0000018991
0.0000018990
0.0000018990
0.0000018989
0.0000018989
0.0000018988
0.0000018988
0.0000018987
0.0000018987
0.0000018986
0.0000018986
0.0000018985
0.0000018985
0.0000018984
0.0000018984
0.0000018983
0.0000018983
0.0000018982
0.0000018982
0.0000018981
0.0000018981
0.0000018980
0.0000018980
0.0000018979
0.0000018979
0.0000018978
0.0000018978
0.0000018977
0.0000018977
0.0000018976
0.0000018976
0.0000018975
0.0000018975
0.0000018974
0.0000018974
0.0000018973
0.0000018973
0.0000018972
0.0000018972
0.0000018972
0.0000018971
0.0000018971
0.0000018970
0.0000018970
0.0000018969
0.0000018969
0.0000018968
0.0000018968
0.0000018967
0.0000018967
0.0000018966
0.0000018966
0.0000018965
0.0000018965
0.0000018964
0.0000018964
0.0000018963
0.0000018963
0.0000018962
0.0000018962
0.0000018961
0.0000018961
0.0000018960
0.0000018960
0.0000018959
0.0000018959
0.0000018958
0.0000018958
0.0000018957
0.0000018957
0.0000018956
0.0000018956
0.0000018955
0.0000018955
0.0000018954
0.0000018954
0.0000018953
0.0000018953
0.0000018952
0.0000018952
0.0000018951
0.0000018951
0.0000018950
0.0000018950
0.0000018949
0.0000018949
0.0000018948
0.0000018948
0.0000018947
0.0000018947
0.0000018946
0.0000018946
0.0000018945
0.0000018945
0.0000018944
0.0000018944
0.0000018943
0.0000018943
0.0000018942
0.0000018942
0.0000018941
0.0000018941
0.0000018940
0.0000018940
0.0000018939
0.0000018939
0.0000018938
0.0000018938
0.0000018937
0.0000018937
0.0000018936
0.0000018936
0.0000018935
0.0000018935
0.0000018935
0.0000018934
0.0000018934
0.0000018933
0.0000018933
0.0000018932
0.0000018932
0.0000018931
0.0000018931
0.0000018930
0.0000018930
0.0000018929
0.0000018929
0.0000018928
0.0000018928
0.0000018927
0.0000018927
0.0000018926
0.0000018926
0.0000018925
0.0000018925
0.0000018924
0.0000018924
0.0000018923
0.0000018923
0.0000018922
0.0000018922
0.0000018921
0.0000018921
0.0000018920
0.0000018920
0.0000018919
0.0000018919
0.0000018918
0.0000018918
0.0000018917
0.0000018917
0.0000018916
0.0000018916
0.0000018915
0.0000018915
0.0000018914
0.0000018914
0.0000018913
0.0000018913
0.0000018912
0.0000018912
0.0000018911
0.0000018911
0.0000018910
0.0000018910
0.0000018909
0.0000018909
0.0000018908
0.0000018908
0.0000018907
0.0000018907
0.0000018906
0.0000018906
0.0000018905
0.0000018905
0.0000018904
0.0000018904
0.0000018903
0.0000018903
0.0000018902
0.0000018902
0.0000018902
0.0000018901
0.0000018901
0.0000018900
0.0000018900
0.0000018899
0.0000018899
0.0000018898
0.0000018898
0.0000018897
0.0000018897
0.0000018896
0.0000018896
0.0000018895
0.0000018895
0.0000018894
0.0000018894
0.0000018893
0.0000018893
0.0000018892
0.0000018892
0.0000018891
0.0000018891
0.0000018890
0.0000018890
0.0000018889
0.0000018889
0.0000018888
0.0000018888
0.0000018887
0.0000018887
0.0000018886
0.0000018886
0.0000018885
0.0000018885
0.0000018884
0.0000018884
0.0000018883
0.0000018883
0.0000018882
0.0000018882
0.0000018881
0.0000018881
0.0000018880
0.0000018880
0.0000018879
0.0000018879
0.0000018878
0.0000018878
0.0000018877
0.0000018877
0.0000018876
0.0000018876
0.0000018875
0.0000018875
0.0000018874
0.0000018874
0.0000018873
0.0000018873
0.0000018873
0.0000018872
0.0000018872
0.0000018871
0.0000018871
0.0000018870
0.0000018870
0.0000018869
0.0000018869
0.0000018868
0.0000018868
0.0000018867
0.0000018867
0.0000018866
0.0000018866
0.0000018865
0.0000018865
0.0000018864
0.0000018864
0.0000018863
0.0000018863
0.0000018862
0.0000018862
0.0000018861
0.0000018861
0.0000018860
0.0000018860
0.0000018859
0.0000018859
0.0000018858
0.0000018858
0.0000018857
0.0000018857
0.0000018856
0.0000018856
0.0000018855
0.0000018855
0.0000018854
0.0000018854
0.0000018853
0.0000018853
0.0000018852
0.0000018852
0.0000018851
0.0000018851
0.0000018850
0.0000018850
0.0000018849
0.0000018849
0.0000018848
0.0000018848
0.0000018847
0.0000018847
0.0000018846
0.0000018846
0.0000018846
0.0000018845
0.0000018845
0.0000018844
0.0000018844
0.0000018843
0.0000018843
0.0000018842
0.0000018842
0.0000018841
0.0000018841
0.0000018840
0.0000018840
0.0000018839
0.0000018839
0.0000018838
0.0000018838
0.0000018837
0.0000018837
0.0000018836
0.0000018836
0.0000018835
0.0000018835
0.0000018834
0.0000018834
0.0000018833
0.0000018833
0.0000018832
0.0000018832
0.0000018831
0.0000018831
0.0000018830
0.0000018830
0.0000018829
0.0000018829
0.0000018828
0.0000018828
0.0000018827
0.0000018827
0.0000018826
0.0000018826
0.0000018825
0.0000018825
0.0000018824
0.0000018824
0.0000018823
0.0000018823
0.0000018822
0.0000018822
0.0000018822
0.0000018821
0.0000018821
0.0000018820
0.0000018820
0.0000018819
0.0000018819
0.0000018818
0.0000018818
0.0000018817
0.0000018817
0.0000018816
0.0000018816
0.0000018815
0.0000018815
0.0000018814
0.0000018814
0.0000018813
0.0000018813
0.0000018812
0.0000018812
0.0000018811
0.0000018811
0.0000018810
0.0000018810
0.0000018809
0.0000018809
0.0000018808
0.0000018808
0.0000018807
0.0000018807
0.0000018806
0.0000018806
0.0000018805
0.0000018805
0.0000018804
0.0000018804
0.0000018803
0.0000018803
0.0000018802
0.0000018802
0.0000018801
0.0000018801
0.0000018800
0.0000018800
0.0000018799
0.0000018799
0.0000018798
0.0000018798
0.0000018798
0.0000018797
0.0000018797
0.0000018796
0.0000018796
0.0000018795
0.0000018795
0.0000018794
0.0000018794
0.0000018793
0.0000018793
0.0000018792
0.0000018792
0.0000018791
0.0000018791
0.0000018790
0.0000018790
0.0000018789
0.0000018789
0.0000018788
0.0000018788
0.0000018787
0.0000018787
0.0000018786
0.0000018786
0.0000018785
0.0000018785
0.0000018784
0.0000018784
0.0000018783
0.0000018783
0.0000018782
0.0000018782
0.0000018781
0.0000018781
0.0000018780
0.0000018780
0.0000018779
0.0000018779
0.0000018778
0.0000018778
0.0000018777
0.0000018777
0.0000018776
0.0000018776
0.0000018776
0.0000018775
0.0000018775
0.0000018774
0.0000018774
0.0000018773
0.0000018773
0.0000018772
0.0000018772
0.0000018771
0.0000018771
0.0000018770
0.0000018770
0.0000018769
0.0000018769
0.0000018768
0.0000018768
0.0000018767
0.0000018767
0.0000018766
0.0000018766
0.0000018765
0.0000018765
0.0000018764
0.0000018764
0.0000018763
0.0000018763
0.0000018762
0.0000018762
0.0000018761
0.0000018761
0.0000018760
0.0000018760
0.0000018759
0.0000018759
0.0000018758
0.0000018758
0.0000018757
0.0000018757
0.0000018756
0.0000018756
0.0000018756
0.0000018755
0.0000018755
0.0000018754
0.0000018754
0.0000018753
0.0000018753
0.0000018752
0.0000018752
0.0000018751
0.0000018751
0.0000018750
0.0000018750
0.0000018749
0.0000018749
0.0000018748
0.0000018748
0.0000018747
0.0000018747
0.0000018746
0.0000018746
0.0000018745
0.0000018745
0.0000018744
0.0000018744
0.0000018743
0.0000018743
0.0000018742
0.0000018742
0.0000018741
0.0000018741
0.0000018740
0.0000018740
0.0000018739
0.0000018739
0.0000018738
0.0000018738
0.0000018737
0.0000018737
0.0000018736
0.0000018736
0.0000018736
0.0000018735
0.0000018735
0.0000018734
0.0000018734
0.0000018733
0.0000018733
0.0000018732
0.0000018732
0.0000018731
0.0000018731
0.0000018730
0.0000018730
0.0000018729
0.0000018729
0.0000018728
0.0000018728
0.0000018727
0.0000018727
0.0000018726
0.0000018726
0.0000018725
0.0000018725
0.0000018724
0.0000018724
0.0000018723
0.0000018723
0.0000018722
0.0000018722
0.0000018721
0.0000018721
0.0000018720
0.0000018720
0.0000018719
0.0000018719
0.0000018718
0.0000018718
0.0000018717
0.0000018717
0.0000018717
0.0000018716
0.0000018716
0.0000018715
0.0000018715
0.0000018714
0.0000018714
0.0000018713
0.0000018713
0.0000018712
0.0000018712
0.0000018711
0.0000018711
0.0000018710
0.0000018710
0.0000018709
0.0000018709
0.0000018708
0.0000018708
0.0000018707
0.0000018707
0.0000018706
0.0000018706
0.0000018705
0.0000018705
0.0000018704
0.0000018704
0.0000018703
0.0000018703
0.0000018702
0.0000018702
0.0000018701
0.0000018701
0.0000018700
0.0000018700
0.0000018699
0.0000018699
0.0000018698
0.0000018698
0.0000018698
0.0000018697
0.0000018697
0.0000018696
0.0000018696
0.0000018695
0.0000018695
0.0000018694
0.0000018694
0.0000018693
0.0000018693
0.0000018692
0.0000018692
0.0000018691
0.0000018691
0.0000018690
0.0000018690
0.0000018689
0.0000018689
0.0000018688
0.0000018688
0.0000018687
0.0000018687
0.0000018686
0.0000018686
0.0000018685
0.0000018685
0.0000018684
0.0000018684
0.0000018683
0.0000018683
0.0000018682
0.0000018682
0.0000018681
0.0000018681
0.0000018681
0.0000018680
0.0000018680
0.0000018679
0.0000018679
0.0000018678
0.0000018678
0.0000018677
0.0000018677
0.0000018676
0.0000018676
0.0000018675
0.0000018675
0.0000018674
0.0000018674
0.0000018673
0.0000018673
0.0000018672
0.0000018672
0.0000018671
0.0000018671
0.0000018670
0.0000018670
0.0000018669
0.0000018669
0.0000018668
0.0000018668
0.0000018667
0.0000018667
0.0000018666
0.0000018666
0.0000018665
0.0000018665
0.0000018664
0.0000018664
0.0000018664
0.0000018663
0.0000018663
0.0000018662
0.0000018662
0.0000018661
0.0000018661
0.0000018660
0.0000018660
0.0000018659
0.0000018659
0.0000018658
0.0000018658
0.0000018657
0.0000018657
0.0000018656
0.0000018656
0.0000018655
0.0000018655
0.0000018654
0.0000018654
0.0000018653
0.0000018653
0.0000018652
0.0000018652
0.0000018651
0.0000018651
0.0000018650
0.0000018650
0.0000018649
0.0000018649
0.0000018648
0.0000018648
0.0000018647
0.0000018647
0.0000018647
0.0000018646
0.0000018646
0.0000018645
0.0000018645
0.0000018644
0.0000018644
0.0000018643
0.0000018643
0.0000018642
0.0000018642
0.0000018641
0.0000018641
0.0000018640
0.0000018640
0.0000018639
0.0000018639
0.0000018638
0.0000018638
0.0000018637
0.0000018637
0.0000018636
0.0000018636
0.0000018635
0.0000018635
0.0000018634
0.0000018634
0.0000018633
0.0000018633
0.0000018632
0.0000018632
0.0000018631
0.0000018631
0.0000018631
0.0000018630
0.0000018630
0.0000018629
0.0000018629
0.0000018628
0.0000018628
0.0000018627
0.0000018627
0.0000018626
0.0000018626
0.0000018625
0.0000018625
0.0000018624
0.0000018624
0.0000018623
0.0000018623
0.0000018622
0.0000018622
0.0000018621
0.0000018621
0.0000018620
0.0000018620
0.0000018619
0.0000018619
0.0000018618
0.0000018618
0.0000018617
0.0000018617
0.0000018616
0.0000018616
0.0000018615
0.0000018615
0.0000018615
0.0000018614
0.0000018614
0.0000018613
0.0000018613
0.0000018612
0.0000018612
0.0000018611
0.0000018611
0.0000018610
0.0000018610
0.0000018609
0.0000018609
0.0000018608
0.0000018608
0.0000018607
0.0000018607
0.0000018606
0.0000018606
0.0000018605
0.0000018605
0.0000018604
0.0000018604
0.0000018603
0.0000018603
0.0000018602
0.0000018602
0.0000018601
0.0000018601
0.0000018600
0.0000018600
0.0000018600
0.0000018599
0.0000018599
0.0000018598
0.0000018598
0.0000018597
0.0000018597
0.0000018596
0.0000018596
0.0000018595
0.0000018595
0.0000018594
0.0000018594
0.0000018593
0.0000018593
0.0000018592
0.0000018592
0.0000018591
0.0000018591
0.0000018590
0.0000018590
0.0000018589
0.0000018589
0.0000018588
0.0000018588
0.0000018587
0.0000018587
0.0000018586
0.0000018586
0.0000018585
0.0000018585
0.0000018585
0.0000018584
0.0000018584
0.0000018583
0.0000018583
0.0000018582
0.0000018582
0.0000018581
0.0000018581
0.0000018580
0.0000018580
0.0000018579
0.0000018579
0.0000018578
0.0000018578
0.0000018577
0.0000018577
0.0000018576
0.0000018576
0.0000018575
0.0000018575
0.0000018574
0.0000018574
0.0000018573
0.0000018573
0.0000018572
0.0000018572
0.0000018571
0.0000018571
0.0000018571
0.0000018570
0.0000018570
0.0000018569
0.0000018569
0.0000018568
0.0000018568
0.0000018567
0.0000018567
0.0000018566
0.0000018566
0.0000018565
0.0000018565
0.0000018564
0.0000018564
0.0000018563
0.0000018563
0.0000018562
0.0000018562
0.0000018561
0.0000018561
0.0000018560
0.0000018560
0.0000018559
0.0000018559
0.0000018558
0.0000018558
0.0000018557
0.0000018557
0.0000018557
0.0000018556
0.0000018556
0.0000018555
0.0000018555
0.0000018554
0.0000018554
0.0000018553
0.0000018553
0.0000018552
0.0000018552
0.0000018551
0.0000018551
0.0000018550
0.0000018550
0.0000018549
0.0000018549
0.0000018548
0.0000018548
0.0000018547
0.0000018547
0.0000018546
0.0000018546
0.0000018545
0.0000018545
0.0000018544
0.0000018544
0.0000018543
0.0000018543
0.0000018543
0.0000018542
0.0000018542
0.0000018541
0.0000018541
0.0000018540
0.0000018540
0.0000018539
0.0000018539
0.0000018538
0.0000018538
0.0000018537
0.0000018537
0.0000018536
0.0000018536
0.0000018535
0.0000018535
0.0000018534
0.0000018534
0.0000018533
0.0000018533
0.0000018532
0.0000018532
0.0000018531
0.0000018531
0.0000018530
0.0000018530
0.0000018530
0.0000018529
0.0000018529
0.0000018528
0.0000018528
0.0000018527
0.0000018527
0.0000018526
0.0000018526
0.0000018525
0.0000018525
0.0000018524
0.0000018524
0.0000018523
0.0000018523
0.0000018522
0.0000018522
0.0000018521
0.0000018521
0.0000018520
0.0000018520
0.0000018519
0.0000018519
0.0000018518
0.0000018518
0.0000018517
0.0000018517
0.0000018517
0.0000018516
0.0000018516
0.0000018515
0.0000018515
0.0000018514
0.0000018514
0.0000018513
0.0000018513
0.0000018512
0.0000018512
0.0000018511
0.0000018511
0.0000018510
0.0000018510
0.0000018509
0.0000018509
0.0000018508
0.0000018508
0.0000018507
0.0000018507
0.0000018506
0.0000018506
0.0000018505
0.0000018505
0.0000018504
0.0000018504
0.0000018504
0.0000018503
0.0000018503
0.0000018502
0.0000018502
0.0000018501
0.0000018501
0.0000018500
0.0000018500
0.0000018499
0.0000018499
0.0000018498
0.0000018498
0.0000018497
0.0000018497
0.0000018496
0.0000018496
0.0000018495
0.0000018495
0.0000018494
0.0000018494
0.0000018493
0.0000018493
0.0000018492
0.0000018492
0.0000018491
0.0000018491
0.0000018491
0.0000018490
0.0000018490
0.0000018489
0.0000018489
0.0000018488
0.0000018488
0.0000018487
0.0000018487
0.0000018486
0.0000018486
0.0000018485
0.0000018485
0.0000018484
0.0000018484
0.0000018483
0.0000018483
0.0000018482
0.0000018482
0.0000018481
0.0000018481
0.0000018480
0.0000018480
0.0000018479
0.0000018479
0.0000018478
0.0000018478
0.0000018478
0.0000018477
0.0000018477
0.0000018476
0.0000018476
0.0000018475
0.0000018475
0.0000018474
0.0000018474
0.0000018473
0.0000018473
0.0000018472
0.0000018472
0.0000018471
0.0000018471
0.0000018470
0.0000018470
0.0000018469
0.0000018469
0.0000018468
0.0000018468
0.0000018467
0.0000018467
0.0000018466
0.0000018466
0.0000018466
0.0000018465
0.0000018465
0.0000018464
0.0000018464
0.0000018463
0.0000018463
0.0000018462
0.0000018462
0.0000018461
0.0000018461
0.0000018460
0.0000018460
0.0000018459
0.0000018459
0.0000018458
0.0000018458
0.0000018457
0.0000018457
0.0000018456
0.0000018456
0.0000018455
0.0000018455
0.0000018454
0.0000018454
0.0000018454
0.0000018453
0.0000018453
0.0000018452
0.0000018452
0.0000018451
0.0000018451
0.0000018450
0.0000018450
0.0000018449
0.0000018449
0.0000018448
0.0000018448
0.0000018447
0.0000018447
0.0000018446
0.0000018446
0.0000018445
0.0000018445
0.0000018444
0.0000018444
0.0000018443
0.0000018443
0.0000018442
0.0000018442
0.0000018442
0.0000018441
0.0000018441
0.0000018440
0.0000018440
0.0000018439
0.0000018439
0.0000018438
0.0000018438
0.0000018437
0.0000018437
0.0000018436
0.0000018436
0.0000018435
0.0000018435
0.0000018434
0.0000018434
0.0000018433
0.0000018433
0.0000018432
0.0000018432
0.0000018431
0.0000018431
0.0000018431
0.0000018430
0.0000018430
0.0000018429
0.0000018429
0.0000018428
0.0000018428
0.0000018427
0.0000018427
0.0000018426
0.0000018426
0.0000018425
0.0000018425
0.0000018424
0.0000018424
0.0000018423
0.0000018423
0.0000018422
0.0000018422
0.0000018421
0.0000018421
0.0000018420
0.0000018420
0.0000018419
0.0000018419
0.0000018419
0.0000018418
0.0000018418
0.0000018417
0.0000018417
0.0000018416
0.0000018416
0.0000018415
0.0000018415
0.0000018414
0.0000018414
0.0000018413
0.0000018413
0.0000018412
0.0000018412
0.0000018411
0.0000018411
0.0000018410
0.0000018410
0.0000018409
0.0000018409
0.0000018408
0.0000018408
0.0000018408
0.0000018407
0.0000018407
0.0000018406
0.0000018406
0.0000018405
0.0000018405
0.0000018404
0.0000018404
0.0000018403
0.0000018403
0.0000018402
0.0000018402
0.0000018401
0.0000018401
0.0000018400
0.0000018400
0.0000018399
0.0000018399
0.0000018398
0.0000018398
0.0000018397
0.0000018397
0.0000018397
0.0000018396
0.0000018396
0.0000018395
0.0000018395
0.0000018394
0.0000018394
0.0000018393
0.0000018393
0.0000018392
0.0000018392
0.0000018391
0.0000018391
0.0000018390
0.0000018390
0.0000018389
0.0000018389
0.0000018388
0.0000018388
0.0000018387
0.0000018387
0.0000018386
0.0000018386
0.0000018386
0.0000018385
0.0000018385
0.0000018384
0.0000018384
0.0000018383
0.0000018383
0.0000018382
0.0000018382
0.0000018381
0.0000018381
0.0000018380
0.0000018380
0.0000018379
0.0000018379
0.0000018378
0.0000018378
0.0000018377
0.0000018377
0.0000018376
0.0000018376
0.0000018375
0.0000018375
0.0000018375
0.0000018374
0.0000018374
0.0000018373
0.0000018373
0.0000018372
0.0000018372
0.0000018371
0.0000018371
0.0000018370
0.0000018370
0.0000018369
0.0000018369
0.0000018368
0.0000018368
0.0000018367
0.0000018367
0.0000018366
0.0000018366
0.0000018365
0.0000018365
0.0000018364
0.0000018364
0.0000018364
0.0000018363
0.0000018363
0.0000018362
0.0000018362
0.0000018361
0.0000018361
0.0000018360
0.0000018360
0.0000018359
0.0000018359
0.0000018358
0.0000018358
0.0000018357
0.0000018357
0.0000018356
0.0000018356
0.0000018355
0.0000018355
0.0000018354
0.0000018354
0.0000018354
0.0000018353
0.0000018353
0.0000018352
0.0000018352
0.0000018351
0.0000018351
0.0000018350
0.0000018350
0.0000018349
0.0000018349
0.0000018348
0.0000018348
0.0000018347
0.0000018347
0.0000018346
0.0000018346
0.0000018345
0.0000018345
0.0000018344
0.0000018344
0.0000018343
0.0000018343
0.0000018343
0.0000018342
0.0000018342
0.0000018341
0.0000018341
0.0000018340
0.0000018340
0.0000018339
0.0000018339
0.0000018338
0.0000018338
0.0000018337
0.0000018337
0.0000018336
0.0000018336
0.0000018335
0.0000018335
0.0000018334
0.0000018334
0.0000018333
0.0000018333
0.0000018333
0.0000018332
0.0000018332
0.0000018331
0.0000018331
0.0000018330
0.0000018330
0.0000018329
0.0000018329
0.0000018328
0.0000018328
0.0000018327
0.0000018327
0.0000018326
0.0000018326
0.0000018325
0.0000018325
0.0000018324
0.0000018324
0.0000018323
0.0000018323
0.0000018323
0.0000018322
0.0000018322
0.0000018321
0.0000018321
0.0000018320
0.0000018320
0.0000018319
0.0000018319
0.0000018318
0.0000018318
0.0000018317
0.0000018317
0.0000018316
0.0000018316
0.0000018315
0.0000018315
0.0000018314
0.0000018314
0.0000018313
0.0000018313
0.0000018313
0.0000018312
0.0000018312
0.0000018311
0.0000018311
0.0000018310
0.0000018310
0.0000018309
0.0000018309
0.0000018308
0.0000018308
0.0000018307
0.0000018307
0.0000018306
0.0000018306
0.0000018305
0.0000018305
0.0000018304
0.0000018304
0.0000018303
0.0000018303
0.0000018303
0.0000018302
0.0000018302
0.0000018301
0.0000018301
0.0000018300
0.0000018300
0.0000018299
0.0000018299
0.0000018298
0.0000018298
0.0000018297
0.0000018297
0.0000018296
0.0000018296
0.0000018295
0.0000018295
0.0000018294
0.0000018294
0.0000018293
0.0000018293
0.0000018293
0.0000018292
0.0000018292
0.0000018291
0.0000018291
0.0000018290
0.0000018290
0.0000018289
0.0000018289
0.0000018288
0.0000018288
0.0000018287
0.0000018287
0.0000018286
0.0000018286
0.0000018285
0.0000018285
0.0000018284
0.0000018284
0.0000018283
0.0000018283
0.0000018283
0.0000018282
0.0000018282
0.0000018281
0.0000018281
0.0000018280
0.0000018280
0.0000018279
0.0000018279
0.0000018278
0.0000018278
0.0000018277
0.0000018277
0.0000018276
0.0000018276
0.0000018275
0.0000018275
0.0000018274
0.0000018274
0.0000018274
0.0000018273
0.0000018273
0.0000018272
0.0000018272
0.0000018271
0.0000018271
0.0000018270
0.0000018270
0.0000018269
0.0000018269
0.0000018268
0.0000018268
0.0000018267
0.0000018267
0.0000018266
0.0000018266
0.0000018265
0.0000018265
0.0000018264
0.0000018264
0.0000018264
0.0000018263
0.0000018263
0.0000018262
0.0000018262
0.0000018261
0.0000018261
0.0000018260
0.0000018260
0.0000018259
0.0000018259
0.0000018258
0.0000018258
0.0000018257
0.0000018257
0.0000018256
0.0000018256
0.0000018255
0.0000018255
0.0000018255
0.0000018254
0.0000018254
0.0000018253
0.0000018253
0.0000018252
0.0000018252
0.0000018251
0.0000018251
0.0000018250
0.0000018250
0.0000018249
0.0000018249
0.0000018248
0.0000018248
0.0000018247
0.0000018247
0.0000018246
0.0000018246
0.0000018246
0.0000018245
0.0000018245
0.0000018244
0.0000018244
0.0000018243
0.0000018243
0.0000018242
0.0000018242
0.0000018241
0.0000018241
0.0000018240
0.0000018240
0.0000018239
0.0000018239
0.0000018238
0.0000018238
0.0000018237
0.0000018237
0.0000018237
0.0000018236
0.0000018236
0.0000018235
0.0000018235
0.0000018234
0.0000018234
0.0000018233
0.0000018233
0.0000018232
0.0000018232
0.0000018231
0.0000018231
0.0000018230
0.0000018230
0.0000018229
0.0000018229
0.0000018228
0.0000018228
0.0000018227
0.0000018227
0.0000018227
0.0000018226
0.0000018226
0.0000018225
0.0000018225
0.0000018224
0.0000018224
0.0000018223
0.0000018223
0.0000018222
0.0000018222
0.0000018221
0.0000018221
0.0000018220
0.0000018220
0.0000018219
0.0000018219
0.0000018218
0.0000018218
0.0000018218
0.0000018217
0.0000018217
0.0000018216
0.0000018216
0.0000018215
0.0000018215
0.0000018214
0.0000018214
0.0000018213
0.0000018213
0.0000018212
0.0000018212
0.0000018211
0.0000018211
0.0000018210
0.0000018210
0.0000018209
0.0000018209
0.0000018209
0.0000018208
0.0000018208
0.0000018207
0.0000018207
0.0000018206
0.0000018206
0.0000018205
0.0000018205
0.0000018204
0.0000018204
0.0000018203
0.0000018203
0.0000018202
0.0000018202
0.0000018201
0.0000018201
0.0000018201
0.0000018200
0.0000018200
0.0000018199
0.0000018199
0.0000018198
0.0000018198
0.0000018197
0.0000018197
0.0000018196
0.0000018196
0.0000018195
0.0000018195
0.0000018194
0.0000018194
0.0000018193
0.0000018193
0.0000018192
0.0000018192
0.0000018192
0.0000018191
0.0000018191
0.0000018190
0.0000018190
0.0000018189
0.0000018189
0.0000018188
0.0000018188
0.0000018187
0.0000018187
0.0000018186
0.0000018186
0.0000018185
0.0000018185
0.0000018184
0.0000018184
0.0000018183
0.0000018183
0.0000018183
0.0000018182
0.0000018182
0.0000018181
0.0000018181
0.0000018180
0.0000018180
0.0000018179
0.0000018179
0.0000018178
0.0000018178
0.0000018177
0.0000018177
0.0000018176
0.0000018176
0.0000018175
0.0000018175
0.0000018175
0.0000018174
0.0000018174
0.0000018173
0.0000018173
0.0000018172
0.0000018172
0.0000018171
0.0000018171
0.0000018170
0.0000018170
0.0000018169
0.0000018169
0.0000018168
0.0000018168
0.0000018167
0.0000018167
0.0000018166
0.0000018166
0.0000018166
0.0000018165
0.0000018165
0.0000018164
0.0000018164
0.0000018163
0.0000018163
0.0000018162
0.0000018162
0.0000018161
0.0000018161
0.0000018160
0.0000018160
0.0000018159
0.0000018159
0.0000018158
0.0000018158
0.0000018158
0.0000018157
0.0000018157
0.0000018156
0.0000018156
0.0000018155
0.0000018155
0.0000018154
0.0000018154
0.0000018153
0.0000018153
0.0000018152
0.0000018152
0.0000018151
0.0000018151
0.0000018150
0.0000018150
0.0000018149
0.0000018149
0.0000018149
0.0000018148
0.0000018148
0.0000018147
0.0000018147
0.0000018146
0.0000018146
0.0000018145
0.0000018145
0.0000018144
0.0000018144
0.0000018143
0.0000018143
0.0000018142
0.0000018142
0.0000018141
0.0000018141
0.0000018141
0.0000018140
0.0000018140
0.0000018139
0.0000018139
0.0000018138
0.0000018138
0.0000018137
0.0000018137
0.0000018136
0.0000018136
0.0000018135
0.0000018135
0.0000018134
0.0000018134
0.0000018133
0.0000018133
0.0000018133
0.0000018132
0.0000018132
0.0000018131
0.0000018131
0.0000018130
0.0000018130
0.0000018129
0.0000018129
0.0000018128
0.0000018128
0.0000018127
0.0000018127
0.0000018126
0.0000018126
0.0000018125
0.0000018125
0.0000018125
0.0000018124
0.0000018124
0.0000018123
0.0000018123
0.0000018122
0.0000018122
0.0000018121
0.0000018121
0.0000018120
0.0000018120
0.0000018119
0.0000018119
0.0000018118
0.0000018118
0.0000018117
0.0000018117
0.0000018116
0.0000018116
0.0000018116
0.0000018115
0.0000018115
0.0000018114
0.0000018114
0.0000018113
0.0000018113
0.0000018112
0.0000018112
0.0000018111
0.0000018111
0.0000018110
0.0000018110
0.0000018109
0.0000018109
0.0000018108
0.0000018108
0.0000018108
0.0000018107
0.0000018107
0.0000018106
0.0000018106
0.0000018105
0.0000018105
0.0000018104
0.0000018104
0.0000018103
0.0000018103
0.0000018102
0.0000018102
0.0000018101
0.0000018101
0.0000018100
0.0000018100
0.0000018100
0.0000018099
0.0000018099
0.0000018098
0.0000018098
0.0000018097
0.0000018097
0.0000018096
0.0000018096
0.0000018095
0.0000018095
0.0000018094
0.0000018094
0.0000018093
0.0000018093
0.0000018092
0.0000018092
0.0000018092
0.0000018091
0.0000018091
0.0000018090
0.0000018090
0.0000018089
0.0000018089
0.0000018088
0.0000018088
0.0000018087
0.0000018087
0.0000018086
0.0000018086
0.0000018085
0.0000018085
0.0000018085
0.0000018084
0.0000018084
0.0000018083
0.0000018083
0.0000018082
0.0000018082
0.0000018081
0.0000018081
0.0000018080
0.0000018080
0.0000018079
0.0000018079
0.0000018078
0.0000018078
0.0000018077
0.0000018077
0.0000018077
0.0000018076
0.0000018076
0.0000018075
0.0000018075
0.0000018074
0.0000018074
0.0000018073
0.0000018073
0.0000018072
0.0000018072
0.0000018071
0.0000018071
0.0000018070
0.0000018070
0.0000018069
0.0000018069
0.0000018069
0.0000018068
0.0000018068
0.0000018067
0.0000018067
0.0000018066
0.0000018066
0.0000018065
0.0000018065
0.0000018064
0.0000018064
0.0000018063
0.0000018063
0.0000018062
0.0000018062
0.0000018061
0.0000018061
0.0000018061
0.0000018060
0.0000018060
0.0000018059
0.0000018059
0.0000018058
0.0000018058
0.0000018057
0.0000018057
0.0000018056
0.0000018056
0.0000018055
0.0000018055
0.0000018054
0.0000018054
0.0000018054
0.0000018053
0.0000018053
0.0000018052
0.0000018052
0.0000018051
0.0000018051
0.0000018050
0.0000018050
0.0000018049
0.0000018049
0.0000018048
0.0000018048
0.0000018047
0.0000018047
0.0000018046
0.0000018046
0.0000018046
0.0000018045
0.0000018045
0.0000018044
0.0000018044
0.0000018043
0.0000018043
0.0000018042
0.0000018042
0.0000018041
0.0000018041
0.0000018040
0.0000018040
0.0000018039
0.0000018039
0.0000018039
0.0000018038
0.0000018038
0.0000018037
0.0000018037
0.0000018036
0.0000018036
0.0000018035
0.0000018035
0.0000018034
0.0000018034
0.0000018033
0.0000018033
0.0000018032
0.0000018032
0.0000018031
0.0000018031
0.0000018031
0.0000018030
0.0000018030
0.0000018029
0.0000018029
0.0000018028
0.0000018028
0.0000018027
0.0000018027
0.0000018026
0.0000018026
0.0000018025
0.0000018025
0.0000018024
0.0000018024
0.0000018024
0.0000018023
0.0000018023
0.0000018022
0.0000018022
0.0000018021
0.0000018021
0.0000018020
0.0000018020
0.0000018019
0.0000018019
0.0000018018
0.0000018018
0.0000018017
0.0000018017
0.0000018016
0.0000018016
0.0000018016
0.0000018015
0.0000018015
0.0000018014
0.0000018014
0.0000018013
0.0000018013
0.0000018012
0.0000018012
0.0000018011
0.0000018011
0.0000018010
0.0000018010
0.0000018009
0.0000018009
0.0000018009
0.0000018008
0.0000018008
0.0000018007
0.0000018007
0.0000018006
0.0000018006
0.0000018005
0.0000018005
0.0000018004
0.0000018004
0.0000018003
0.0000018003
0.0000018002
0.0000018002
0.0000018002
0.0000018001
0.0000018001
0.0000018000
0.0000018000
0.0000017999
0.0000017999
0.0000017998
0.0000017998
0.0000017997
0.0000017997
0.0000017996
0.0000017996
0.0000017995
0.0000017995
0.0000017994
0.0000017994
0.0000017994
0.0000017993
0.0000017993
0.0000017992
0.0000017992
0.0000017991
