0.0000046863
0.0000046862
0.0000046860
0.0000046859
0.0000046857
0.0000046856
0.0000046854
0.0000046853
0.0000046851
0.0000046850
0.0000046848
0.0000046847
0.0000046845
0.0000046844
0.0000046842
0.0000046841
0.0000046839
0.0000046838
0.0000046836
0.0000046835
0.0000046833
0.0000046832
0.0000046830
0.0000046829
0.0000046828
0.0000046826
0.0000046825
0.0000046823
0.0000046822
0.0000046820
0.0000046819
0.0000046817
0.0000046816
0.0000046814
0.0000046813
0.0000046811
0.0000046810
0.0000046808
0.0000046807
0.0000046805
0.0000046804
0.0000046802
0.0000046801
0.0000046799
0.0000046798
0.0000046796
0.0000046795
0.0000046793
0.0000046792
0.0000046790
0.0000046789
0.0000046788
0.0000046786
0.0000046785
0.0000046783
0.0000046782
0.0000046780
0.0000046779
0.0000046777
0.0000046776
0.0000046774
0.0000046773
0.0000046771
0.0000046770
0.0000046768
0.0000046767
0.0000046765
0.0000046764
0.0000046762
0.0000046761
0.0000046759
0.0000046758
0.0000046756
0.0000046755
0.0000046753
0.0000046752
0.0000046751
0.0000046749
0.0000046748
0.0000046746
0.0000046745
0.0000046743
0.0000046742
0.0000046740
0.0000046739
0.0000046737
0.0000046736
0.0000046734
0.0000046733
0.0000046731
0.0000046730
0.0000046728
0.0000046727
0.0000046725
0.0000046724
0.0000046722
0.0000046721
0.0000046720
0.0000046718
0.0000046717
0.0000046715
0.0000046714
0.0000046712
0.0000046711
0.0000046709
0.0000046708
0.0000046706
0.0000046705
0.0000046703
0.0000046702
0.0000046700
0.0000046699
0.0000046697
0.0000046696
0.0000046694
0.0000046693
0.0000046691
0.0000046690
0.0000046689
0.0000046687
0.0000046686
0.0000046684
0.0000046683
0.0000046681
0.0000046680
0.0000046678
0.0000046677
0.0000046675
0.0000046674
0.0000046672
0.0000046671
0.0000046669
0.0000046668
0.0000046666
0.0000046665
0.0000046663
0.0000046662
0.0000046661
0.0000046659
0.0000046658
0.0000046656
0.0000046655
0.0000046653
0.0000046652
0.0000046650
0.0000046649
0.0000046647
0.0000046646
0.0000046644
0.0000046643
0.0000046641
0.0000046640
0.0000046638
0.0000046637
0.0000046635
0.0000046634
0.0000046633
0.0000046631
0.0000046630
0.0000046628
0.0000046627
0.0000046625
0.0000046624
0.0000046622
0.0000046621
0.0000046619
0.0000046618
0.0000046616
0.0000046615
0.0000046613
0.0000046612
0.0000046610
0.0000046609
0.0000046608
0.0000046606
0.0000046605
0.0000046603
0.0000046602
0.0000046600
0.0000046599
0.0000046597
0.0000046596
0.0000046594
0.0000046593
0.0000046591
0.0000046590
0.0000046588
0.0000046587
0.0000046585
0.0000046584
0.0000046583
0.0000046581
0.0000046580
0.0000046578
0.0000046577
0.0000046575
0.0000046574
0.0000046572
0.0000046571
0.0000046569
0.0000046568
0.0000046566
0.0000046565
0.0000046563
0.0000046562
0.0000046561
0.0000046559
0.0000046558
0.0000046556
0.0000046555
0.0000046553
0.0000046552
0.0000046550
0.0000046549
0.0000046547
0.0000046546
0.0000046544
0.0000046543
0.0000046541
0.0000046540
0.0000046539
0.0000046537
0.0000046536
0.0000046534
0.0000046533
0.0000046531
0.0000046530
0.0000046528
0.0000046527
0.0000046525
0.0000046524
0.0000046522
0.0000046521
0.0000046519
0.0000046518
0.0000046517
0.0000046515
0.0000046514
0.0000046512
0.0000046511
0.0000046509
0.0000046508
0.0000046506
0.0000046505
0.0000046503
0.0000046502
0.0000046500
0.0000046499
0.0000046497
0.0000046496
0.0000046495
0.0000046493
0.0000046492
0.0000046490
0.0000046489
0.0000046487
0.0000046486
0.0000046484
0.0000046483
0.0000046481
0.0000046480
0.0000046478
0.0000046477
0.0000046476
0.0000046474
0.0000046473
0.0000046471
0.0000046470
0.0000046468
0.0000046467
0.0000046465
0.0000046464
0.0000046462
0.0000046461
0.0000046459
0.0000046458
0.0000046457
0.0000046455
0.0000046454
0.0000046452
0.0000046451
0.0000046449
0.0000046448
0.0000046446
0.0000046445
0.0000046443
0.0000046442
0.0000046440
0.0000046439
0.0000046438
0.0000046436
0.0000046435
0.0000046433
0.0000046432
0.0000046430
0.0000046429
0.0000046427
0.0000046426
0.0000046424
0.0000046423
0.0000046421
0.0000046420
0.0000046419
0.0000046417
0.0000046416
0.0000046414
0.0000046413
0.0000046411
0.0000046410
0.0000046408
0.0000046407
0.0000046405
0.0000046404
0.0000046402
0.0000046401
0.0000046400
0.0000046398
0.0000046397
0.0000046395
0.0000046394
0.0000046392
0.0000046391
0.0000046389
0.0000046388
0.0000046386
0.0000046385
0.0000046384
0.0000046382
0.0000046381
0.0000046379
0.0000046378
0.0000046376
0.0000046375
0.0000046373
0.0000046372
0.0000046370
0.0000046369
0.0000046367
0.0000046366
0.0000046365
0.0000046363
0.0000046362
0.0000046360
0.0000046359
0.0000046357
0.0000046356
0.0000046354
0.0000046353
0.0000046351
0.0000046350
0.0000046349
0.0000046347
0.0000046346
0.0000046344
0.0000046343
0.0000046341
0.0000046340
0.0000046338
0.0000046337
0.0000046335
0.0000046334
0.0000046333
0.0000046331
0.0000046330
0.0000046328
0.0000046327
0.0000046325
0.0000046324
0.0000046322
0.0000046321
0.0000046319
0.0000046318
0.0000046317
0.0000046315
0.0000046314
0.0000046312
0.0000046311
0.0000046309
0.0000046308
0.0000046306
0.0000046305
0.0000046303
0.0000046302
0.0000046301
0.0000046299
0.0000046298
0.0000046296
0.0000046295
0.0000046293
0.0000046292
0.0000046290
0.0000046289
0.0000046287
0.0000046286
0.0000046285
0.0000046283
0.0000046282
0.0000046280
0.0000046279
0.0000046277
0.0000046276
0.0000046274
0.0000046273
0.0000046271
0.0000046270
0.0000046269
0.0000046267
0.0000046266
0.0000046264
0.0000046263
0.0000046261
0.0000046260
0.0000046258
0.0000046257
0.0000046255
0.0000046254
0.0000046253
0.0000046251
0.0000046250
0.0000046248
0.0000046247
0.0000046245
0.0000046244
0.0000046242
0.0000046241
0.0000046240
0.0000046238
0.0000046237
0.0000046235
0.0000046234
0.0000046232
0.0000046231
0.0000046229
0.0000046228
0.0000046226
0.0000046225
0.0000046224
0.0000046222
0.0000046221
0.0000046219
0.0000046218
0.0000046216
0.0000046215
0.0000046213
0.0000046212
0.0000046211
0.0000046209
0.0000046208
0.0000046206
0.0000046205
0.0000046203
0.0000046202
0.0000046200
0.0000046199
0.0000046198
0.0000046196
0.0000046195
0.0000046193
0.0000046192
0.0000046190
0.0000046189
0.0000046187
0.0000046186
0.0000046184
0.0000046183
0.0000046182
0.0000046180
0.0000046179
0.0000046177
0.0000046176
0.0000046174
0.0000046173
0.0000046171
0.0000046170
0.0000046169
0.0000046167
0.0000046166
0.0000046164
0.0000046163
0.0000046161
0.0000046160
0.0000046158
0.0000046157
0.0000046156
0.0000046154
0.0000046153
0.0000046151
0.0000046150
0.0000046148
0.0000046147
0.0000046145
0.0000046144
0.0000046143
0.0000046141
0.0000046140
0.0000046138
0.0000046137
0.0000046135
0.0000046134
0.0000046132
0.0000046131
0.0000046130
0.0000046128
0.0000046127
0.0000046125
0.0000046124
0.0000046122
0.0000046121
0.0000046119
0.0000046118
0.0000046117
0.0000046115
0.0000046114
0.0000046112
0.0000046111
0.0000046109
0.0000046108
0.0000046106
0.0000046105
0.0000046104
0.0000046102
0.0000046101
0.0000046099
0.0000046098
0.0000046096
0.0000046095
0.0000046093
0.0000046092
0.0000046091
0.0000046089
0.0000046088
0.0000046086
0.0000046085
0.0000046083
0.0000046082
0.0000046080
0.0000046079
0.0000046078
0.0000046076
0.0000046075
0.0000046073
0.0000046072
0.0000046070
0.0000046069
0.0000046067
0.0000046066
0.0000046065
0.0000046063
0.0000046062
0.0000046060
0.0000046059
0.0000046057
0.0000046056
0.0000046055
0.0000046053
0.0000046052
0.0000046050
0.0000046049
0.0000046047
0.0000046046
0.0000046044
0.0000046043
0.0000046042
0.0000046040
0.0000046039
0.0000046037
0.0000046036
0.0000046034
0.0000046033
0.0000046031
0.0000046030
0.0000046029
0.0000046027
0.0000046026
0.0000046024
0.0000046023
0.0000046021
0.0000046020
0.0000046019
0.0000046017
0.0000046016
0.0000046014
0.0000046013
0.0000046011
0.0000046010
0.0000046008
0.0000046007
0.0000046006
0.0000046004
0.0000046003
0.0000046001
0.0000046000
0.0000045998
0.0000045997
0.0000045996
0.0000045994
0.0000045993
0.0000045991
0.0000045990
0.0000045988
0.0000045987
0.0000045985
0.0000045984
0.0000045983
0.0000045981
0.0000045980
0.0000045978
0.0000045977
0.0000045975
0.0000045974
0.0000045973
0.0000045971
0.0000045970
0.0000045968
0.0000045967
0.0000045965
0.0000045964
0.0000045963
0.0000045961
0.0000045960
0.0000045958
0.0000045957
0.0000045955
0.0000045954
0.0000045952
0.0000045951
0.0000045950
0.0000045948
0.0000045947
0.0000045945
0.0000045944
0.0000045942
0.0000045941
0.0000045940
0.0000045938
0.0000045937
0.0000045935
0.0000045934
0.0000045932
0.0000045931
0.0000045930
0.0000045928
0.0000045927
0.0000045925
0.0000045924
0.0000045922
0.0000045921
0.0000045919
0.0000045918
0.0000045917
0.0000045915
0.0000045914
0.0000045912
0.0000045911
0.0000045909
0.0000045908
0.0000045907
0.0000045905
0.0000045904
0.0000045902
0.0000045901
0.0000045899
0.0000045898
0.0000045897
0.0000045895
0.0000045894
0.0000045892
0.0000045891
0.0000045889
0.0000045888
0.0000045887
0.0000045885
0.0000045884
0.0000045882
0.0000045881
0.0000045879
0.0000045878
0.0000045877
0.0000045875
0.0000045874
0.0000045872
0.0000045871
0.0000045869
0.0000045868
0.0000045866
0.0000045865
0.0000045864
0.0000045862
0.0000045861
0.0000045859
0.0000045858
0.0000045856
0.0000045855
0.0000045854
0.0000045852
0.0000045851
0.0000045849
0.0000045848
0.0000045846
0.0000045845
0.0000045844
0.0000045842
0.0000045841
0.0000045839
0.0000045838
0.0000045836
0.0000045835
0.0000045834
0.0000045832
0.0000045831
0.0000045829
0.0000045828
0.0000045826
0.0000045825
0.0000045824
0.0000045822
0.0000045821
0.0000045819
0.0000045818
0.0000045816
0.0000045815
0.0000045814
0.0000045812
0.0000045811
0.0000045809
0.0000045808
0.0000045806
0.0000045805
0.0000045804
0.0000045802
0.0000045801
0.0000045799
0.0000045798
0.0000045796
0.0000045795
0.0000045794
0.0000045792
0.0000045791
0.0000045789
0.0000045788
0.0000045786
0.0000045785
0.0000045784
0.0000045782
0.0000045781
0.0000045779
0.0000045778
0.0000045777
0.0000045775
0.0000045774
0.0000045772
0.0000045771
0.0000045769
0.0000045768
0.0000045767
0.0000045765
0.0000045764
0.0000045762
0.0000045761
0.0000045759
0.0000045758
0.0000045757
0.0000045755
0.0000045754
0.0000045752
0.0000045751
0.0000045749
0.0000045748
0.0000045747
0.0000045745
0.0000045744
0.0000045742
0.0000045741
0.0000045739
0.0000045738
0.0000045737
0.0000045735
0.0000045734
0.0000045732
0.0000045731
0.0000045730
0.0000045728
0.0000045727
0.0000045725
0.0000045724
0.0000045722
0.0000045721
0.0000045720
0.0000045718
0.0000045717
0.0000045715
0.0000045714
0.0000045712
0.0000045711
0.0000045710
0.0000045708
0.0000045707
0.0000045705
0.0000045704
0.0000045702
0.0000045701
0.0000045700
0.0000045698
0.0000045697
0.0000045695
0.0000045694
0.0000045693
0.0000045691
0.0000045690
0.0000045688
0.0000045687
0.0000045685
0.0000045684
0.0000045683
0.0000045681
0.0000045680
0.0000045678
0.0000045677
0.0000045675
0.0000045674
0.0000045673
0.0000045671
0.0000045670
0.0000045668
0.0000045667
0.0000045666
0.0000045664
0.0000045663
0.0000045661
0.0000045660
0.0000045658
0.0000045657
0.0000045656
0.0000045654
0.0000045653
0.0000045651
0.0000045650
0.0000045648
0.0000045647
0.0000045646
0.0000045644
0.0000045643
0.0000045641
0.0000045640
0.0000045639
0.0000045637
0.0000045636
0.0000045634
0.0000045633
0.0000045631
0.0000045630
0.0000045629
0.0000045627
0.0000045626
0.0000045624
0.0000045623
0.0000045622
0.0000045620
0.0000045619
0.0000045617
0.0000045616
0.0000045614
0.0000045613
0.0000045612
0.0000045610
0.0000045609
0.0000045607
0.0000045606
0.0000045605
0.0000045603
0.0000045602
0.0000045600
0.0000045599
0.0000045597
0.0000045596
0.0000045595
0.0000045593
0.0000045592
0.0000045590
0.0000045589
0.0000045588
0.0000045586
0.0000045585
0.0000045583
0.0000045582
0.0000045580
0.0000045579
0.0000045578
0.0000045576
0.0000045575
0.0000045573
0.0000045572
0.0000045571
0.0000045569
0.0000045568
0.0000045566
0.0000045565
0.0000045563
0.0000045562
0.0000045561
0.0000045559
0.0000045558
0.0000045556
0.0000045555
0.0000045554
0.0000045552
0.0000045551
0.0000045549
0.0000045548
0.0000045547
0.0000045545
0.0000045544
0.0000045542
0.0000045541
0.0000045539
0.0000045538
0.0000045537
0.0000045535
0.0000045534
0.0000045532
0.0000045531
0.0000045530
0.0000045528
0.0000045527
0.0000045525
0.0000045524
0.0000045522
0.0000045521
0.0000045520
0.0000045518
0.0000045517
0.0000045515
0.0000045514
0.0000045513
0.0000045511
0.0000045510
0.0000045508
0.0000045507
0.0000045506
0.0000045504
0.0000045503
0.0000045501
0.0000045500
0.0000045498
0.0000045497
0.0000045496
0.0000045494
0.0000045493
0.0000045491
0.0000045490
0.0000045489
0.0000045487
0.0000045486
0.0000045484
0.0000045483
0.0000045482
0.0000045480
0.0000045479
0.0000045477
0.0000045476
0.0000045475
0.0000045473
0.0000045472
0.0000045470
0.0000045469
0.0000045467
0.0000045466
0.0000045465
0.0000045463
0.0000045462
0.0000045460
0.0000045459
0.0000045458
0.0000045456
0.0000045455
0.0000045453
0.0000045452
0.0000045451
0.0000045449
0.0000045448
0.0000045446
0.0000045445
0.0000045444
0.0000045442
0.0000045441
0.0000045439
0.0000045438
0.0000045436
0.0000045435
0.0000045434
0.0000045432
0.0000045431
0.0000045429
0.0000045428
0.0000045427
0.0000045425
0.0000045424
0.0000045422
0.0000045421
0.0000045420
0.0000045418
0.0000045417
0.0000045415
0.0000045414
0.0000045413
0.0000045411
0.0000045410
0.0000045408
0.0000045407
0.0000045406
0.0000045404
0.0000045403
0.0000045401
0.0000045400
0.0000045398
0.0000045397
0.0000045396
0.0000045394
0.0000045393
0.0000045391
0.0000045390
0.0000045389
0.0000045387
0.0000045386
0.0000045384
0.0000045383
0.0000045382
0.0000045380
0.0000045379
0.0000045377
0.0000045376
0.0000045375
0.0000045373
0.0000045372
0.0000045370
0.0000045369
0.0000045368
0.0000045366
0.0000045365
0.0000045363
0.0000045362
0.0000045361
0.0000045359
0.0000045358
0.0000045356
0.0000045355
0.0000045354
0.0000045352
0.0000045351
0.0000045349
0.0000045348
0.0000045346
0.0000045345
0.0000045344
0.0000045342
0.0000045341
0.0000045339
0.0000045338
0.0000045337
0.0000045335
0.0000045334
0.0000045332
0.0000045331
0.0000045330
0.0000045328
0.0000045327
0.0000045325
0.0000045324
0.0000045323
0.0000045321
0.0000045320
0.0000045318
0.0000045317
0.0000045316
0.0000045314
0.0000045313
0.0000045311
0.0000045310
0.0000045309
0.0000045307
0.0000045306
0.0000045304
0.0000045303
0.0000045302
0.0000045300
0.0000045299
0.0000045297
0.0000045296
0.0000045295
0.0000045293
0.0000045292
0.0000045290
0.0000045289
0.0000045288
0.0000045286
0.0000045285
0.0000045283
0.0000045282
0.0000045281
0.0000045279
0.0000045278
0.0000045276
0.0000045275
0.0000045274
0.0000045272
0.0000045271
0.0000045269
0.0000045268
0.0000045267
0.0000045265
0.0000045264
0.0000045262
0.0000045261
0.0000045260
0.0000045258
0.0000045257
0.0000045255
0.0000045254
0.0000045253
0.0000045251
0.0000045250
0.0000045248
0.0000045247
0.0000045246
0.0000045244
0.0000045243
0.0000045241
0.0000045240
0.0000045239
0.0000045237
0.0000045236
0.0000045234
0.0000045233
0.0000045232
0.0000045230
0.0000045229
0.0000045227
0.0000045226
0.0000045225
0.0000045223
0.0000045222
0.0000045220
0.0000045219
0.0000045218
0.0000045216
0.0000045215
0.0000045213
0.0000045212
0.0000045211
0.0000045209
0.0000045208
0.0000045207
0.0000045205
0.0000045204
0.0000045202
0.0000045201
0.0000045200
0.0000045198
0.0000045197
0.0000045195
0.0000045194
0.0000045193
0.0000045191
0.0000045190
0.0000045188
0.0000045187
0.0000045186
0.0000045184
0.0000045183
0.0000045181
0.0000045180
0.0000045179
0.0000045177
0.0000045176
0.0000045174
0.0000045173
0.0000045172
0.0000045170
0.0000045169
0.0000045167
0.0000045166
0.0000045165
0.0000045163
0.0000045162
0.0000045160
0.0000045159
0.0000045158
0.0000045156
0.0000045155
0.0000045153
0.0000045152
0.0000045151
0.0000045149
0.0000045148
0.0000045147
0.0000045145
0.0000045144
0.0000045142
0.0000045141
0.0000045140
0.0000045138
0.0000045137
0.0000045135
0.0000045134
0.0000045133
0.0000045131
0.0000045130
0.0000045128
0.0000045127
0.0000045126
0.0000045124
0.0000045123
0.0000045121
0.0000045120
0.0000045119
0.0000045117
0.0000045116
0.0000045115
0.0000045113
0.0000045112
0.0000045110
0.0000045109
0.0000045108
0.0000045106
0.0000045105
0.0000045103
0.0000045102
0.0000045101
0.0000045099
0.0000045098
0.0000045096
0.0000045095
0.0000045094
0.0000045092
0.0000045091
0.0000045089
0.0000045088
0.0000045087
0.0000045085
0.0000045084
0.0000045083
0.0000045081
0.0000045080
0.0000045078
0.0000045077
0.0000045076
0.0000045074
0.0000045073
0.0000045071
0.0000045070
0.0000045069
0.0000045067
0.0000045066
0.0000045064
0.0000045063
0.0000045062
0.0000045060
0.0000045059
0.0000045058
0.0000045056
0.0000045055
0.0000045053
0.0000045052
0.0000045051
0.0000045049
0.0000045048
0.0000045046
0.0000045045
0.0000045044
0.0000045042
0.0000045041
0.0000045039
0.0000045038
0.0000045037
0.0000045035
0.0000045034
0.0000045033
0.0000045031
0.0000045030
0.0000045028
0.0000045027
0.0000045026
0.0000045024
0.0000045023
0.0000045021
0.0000045020
0.0000045019
0.0000045017
0.0000045016
0.0000045014
0.0000045013
0.0000045012
0.0000045010
0.0000045009
0.0000045008
0.0000045006
0.0000045005
0.0000045003
0.0000045002
0.0000045001
0.0000044999
0.0000044998
0.0000044996
0.0000044995
0.0000044994
0.0000044992
0.0000044991
0.0000044990
0.0000044988
0.0000044987
0.0000044985
0.0000044984
0.0000044983
0.0000044981
0.0000044980
0.0000044978
0.0000044977
0.0000044976
0.0000044974
0.0000044973
0.0000044972
0.0000044970
0.0000044969
0.0000044967
0.0000044966
0.0000044965
0.0000044963
0.0000044962
0.0000044960
0.0000044959
0.0000044958
0.0000044956
0.0000044955
0.0000044954
0.0000044952
0.0000044951
0.0000044949
0.0000044948
0.0000044947
0.0000044945
0.0000044944
0.0000044942
0.0000044941
0.0000044940
0.0000044938
0.0000044937
0.0000044936
0.0000044934
0.0000044933
0.0000044931
0.0000044930
0.0000044929
0.0000044927
0.0000044926
0.0000044925
0.0000044923
0.0000044922
0.0000044920
0.0000044919
0.0000044918
0.0000044916
0.0000044915
0.0000044913
0.0000044912
0.0000044911
0.0000044909
0.0000044908
0.0000044907
0.0000044905
0.0000044904
0.0000044902
0.0000044901
0.0000044900
0.0000044898
0.0000044897
0.0000044895
0.0000044894
0.0000044893
0.0000044891
0.0000044890
0.0000044889
0.0000044887
0.0000044886
0.0000044884
0.0000044883
0.0000044882
0.0000044880
0.0000044879
0.0000044878
0.0000044876
0.0000044875
0.0000044873
0.0000044872
0.0000044871
0.0000044869
0.0000044868
0.0000044867
0.0000044865
0.0000044864
0.0000044862
0.0000044861
0.0000044860
0.0000044858
0.0000044857
0.0000044855
0.0000044854
0.0000044853
0.0000044851
0.0000044850
0.0000044849
0.0000044847
0.0000044846
0.0000044844
0.0000044843
0.0000044842
0.0000044840
0.0000044839
0.0000044838
0.0000044836
0.0000044835
0.0000044833
0.0000044832
0.0000044831
0.0000044829
0.0000044828
0.0000044827
0.0000044825
0.0000044824
0.0000044822
0.0000044821
0.0000044820
0.0000044818
0.0000044817
0.0000044816
0.0000044814
0.0000044813
0.0000044811
0.0000044810
0.0000044809
0.0000044807
0.0000044806
0.0000044805
0.0000044803
0.0000044802
0.0000044800
0.0000044799
0.0000044798
0.0000044796
0.0000044795
0.0000044794
0.0000044792
0.0000044791
0.0000044789
0.0000044788
0.0000044787
0.0000044785
0.0000044784
0.0000044783
0.0000044781
0.0000044780
0.0000044778
0.0000044777
0.0000044776
0.0000044774
0.0000044773
0.0000044772
0.0000044770
0.0000044769
0.0000044767
0.0000044766
0.0000044765
0.0000044763
0.0000044762
0.0000044761
0.0000044759
0.0000044758
0.0000044756
0.0000044755
0.0000044754
0.0000044752
0.0000044751
0.0000044750
0.0000044748
0.0000044747
0.0000044745
0.0000044744
0.0000044743
0.0000044741
0.0000044740
0.0000044739
0.0000044737
0.0000044736
0.0000044734
0.0000044733
0.0000044732
0.0000044730
0.0000044729
0.0000044728
0.0000044726
0.0000044725
0.0000044723
0.0000044722
0.0000044721
0.0000044719
0.0000044718
0.0000044717
0.0000044715
0.0000044714
0.0000044712
0.0000044711
0.0000044710
0.0000044708
0.0000044707
0.0000044706
0.0000044704
0.0000044703
0.0000044702
0.0000044700
0.0000044699
0.0000044697
0.0000044696
0.0000044695
0.0000044693
0.0000044692
0.0000044691
0.0000044689
0.0000044688
0.0000044686
0.0000044685
0.0000044684
0.0000044682
0.0000044681
0.0000044680
0.0000044678
0.0000044677
0.0000044675
0.0000044674
0.0000044673
0.0000044671
0.0000044670
0.0000044669
0.0000044667
0.0000044666
0.0000044665
0.0000044663
0.0000044662
0.0000044660
0.0000044659
0.0000044658
0.0000044656
0.0000044655
0.0000044654
0.0000044652
0.0000044651
0.0000044649
0.0000044648
0.0000044647
0.0000044645
0.0000044644
0.0000044643
0.0000044641
0.0000044640
0.0000044639
0.0000044637
0.0000044636
0.0000044634
0.0000044633
0.0000044632
0.0000044630
0.0000044629
0.0000044628
0.0000044626
0.0000044625
0.0000044623
0.0000044622
0.0000044621
0.0000044619
0.0000044618
0.0000044617
0.0000044615
0.0000044614
0.0000044613
0.0000044611
0.0000044610
0.0000044608
0.0000044607
0.0000044606
0.0000044604
0.0000044603
0.0000044602
0.0000044600
0.0000044599
0.0000044598
0.0000044596
0.0000044595
0.0000044593
0.0000044592
0.0000044591
0.0000044589
0.0000044588
0.0000044587
0.0000044585
0.0000044584
0.0000044583
0.0000044581
0.0000044580
0.0000044578
0.0000044577
0.0000044576
0.0000044574
0.0000044573
0.0000044572
0.0000044570
0.0000044569
0.0000044567
0.0000044566
0.0000044565
0.0000044563
0.0000044562
0.0000044561
0.0000044559
0.0000044558
0.0000044557
0.0000044555
0.0000044554
0.0000044552
0.0000044551
0.0000044550
0.0000044548
0.0000044547
0.0000044546
0.0000044544
0.0000044543
0.0000044542
0.0000044540
0.0000044539
0.0000044537
0.0000044536
0.0000044535
0.0000044533
0.0000044532
0.0000044531
0.0000044529
0.0000044528
0.0000044527
0.0000044525
0.0000044524
0.0000044523
0.0000044521
0.0000044520
0.0000044518
0.0000044517
0.0000044516
0.0000044514
0.0000044513
0.0000044512
0.0000044510
0.0000044509
0.0000044508
0.0000044506
0.0000044505
0.0000044503
0.0000044502
0.0000044501
0.0000044499
0.0000044498
0.0000044497
0.0000044495
0.0000044494
0.0000044493
0.0000044491
0.0000044490
0.0000044488
0.0000044487
0.0000044486
0.0000044484
0.0000044483
0.0000044482
0.0000044480
0.0000044479
0.0000044478
0.0000044476
0.0000044475
0.0000044474
0.0000044472
0.0000044471
0.0000044469
0.0000044468
0.0000044467
0.0000044465
0.0000044464
0.0000044463
0.0000044461
0.0000044460
0.0000044459
0.0000044457
0.0000044456
0.0000044454
0.0000044453
0.0000044452
0.0000044450
0.0000044449
0.0000044448
0.0000044446
0.0000044445
0.0000044444
0.0000044442
0.0000044441
0.0000044440
0.0000044438
0.0000044437
0.0000044435
0.0000044434
0.0000044433
0.0000044431
0.0000044430
0.0000044429
0.0000044427
0.0000044426
0.0000044425
0.0000044423
0.0000044422
0.0000044421
0.0000044419
0.0000044418
0.0000044416
0.0000044415
0.0000044414
0.0000044412
0.0000044411
0.0000044410
0.0000044408
0.0000044407
0.0000044406
0.0000044404
0.0000044403
0.0000044402
0.0000044400
0.0000044399
0.0000044397
0.0000044396
0.0000044395
0.0000044393
0.0000044392
0.0000044391
0.0000044389
0.0000044388
0.0000044387
0.0000044385
0.0000044384
0.0000044383
0.0000044381
0.0000044380
0.0000044379
0.0000044377
0.0000044376
0.0000044374
0.0000044373
0.0000044372
0.0000044370
0.0000044369
0.0000044368
0.0000044366
0.0000044365
0.0000044364
0.0000044362
0.0000044361
0.0000044360
0.0000044358
0.0000044357
0.0000044355
0.0000044354
0.0000044353
0.0000044351
0.0000044350
0.0000044349
0.0000044347
0.0000044346
0.0000044345
0.0000044343
0.0000044342
0.0000044341
0.0000044339
0.0000044338
0.0000044337
0.0000044335
0.0000044334
0.0000044332
0.0000044331
0.0000044330
0.0000044328
0.0000044327
0.0000044326
0.0000044324
0.0000044323
0.0000044322
0.0000044320
0.0000044319
0.0000044318
0.0000044316
0.0000044315
0.0000044314
0.0000044312
0.0000044311
0.0000044309
0.0000044308
0.0000044307
0.0000044305
0.0000044304
0.0000044303
0.0000044301
0.0000044300
0.0000044299
0.0000044297
0.0000044296
0.0000044295
0.0000044293
0.0000044292
0.0000044291
0.0000044289
0.0000044288
0.0000044287
0.0000044285
0.0000044284
0.0000044282
0.0000044281
0.0000044280
0.0000044278
0.0000044277
0.0000044276
0.0000044274
0.0000044273
0.0000044272
0.0000044270
0.0000044269
0.0000044268
0.0000044266
0.0000044265
0.0000044264
0.0000044262
0.0000044261
0.0000044260
0.0000044258
0.0000044257
0.0000044255
0.0000044254
0.0000044253
0.0000044251
0.0000044250
0.0000044249
0.0000044247
0.0000044246
0.0000044245
0.0000044243
0.0000044242
0.0000044241
0.0000044239
0.0000044238
0.0000044237
0.0000044235
0.0000044234
0.0000044233
0.0000044231
0.0000044230
0.0000044229
0.0000044227
0.0000044226
0.0000044224
0.0000044223
0.0000044222
0.0000044220
0.0000044219
0.0000044218
0.0000044216
0.0000044215
0.0000044214
0.0000044212
0.0000044211
0.0000044210
0.0000044208
0.0000044207
0.0000044206
0.0000044204
0.0000044203
0.0000044202
0.0000044200
0.0000044199
0.0000044198
0.0000044196
0.0000044195
0.0000044193
0.0000044192
0.0000044191
0.0000044189
0.0000044188
0.0000044187
0.0000044185
0.0000044184
0.0000044183
0.0000044181
0.0000044180
0.0000044179
0.0000044177
0.0000044176
0.0000044175
0.0000044173
0.0000044172
0.0000044171
0.0000044169
0.0000044168
0.0000044167
0.0000044165
0.0000044164
0.0000044163
0.0000044161
0.0000044160
0.0000044159
0.0000044157
0.0000044156
0.0000044154
0.0000044153
0.0000044152
0.0000044150
0.0000044149
0.0000044148
0.0000044146
0.0000044145
0.0000044144
0.0000044142
0.0000044141
0.0000044140
0.0000044138
0.0000044137
0.0000044136
0.0000044134
0.0000044133
0.0000044132
0.0000044130
0.0000044129
0.0000044128
0.0000044126
0.0000044125
0.0000044124
0.0000044122
0.0000044121
0.0000044120
0.0000044118
0.0000044117
0.0000044116
0.0000044114
0.0000044113
0.0000044112
0.0000044110
0.0000044109
0.0000044107
0.0000044106
0.0000044105
0.0000044103
0.0000044102
0.0000044101
0.0000044099
0.0000044098
0.0000044097
0.0000044095
0.0000044094
0.0000044093
0.0000044091
0.0000044090
0.0000044089
0.0000044087
0.0000044086
0.0000044085
0.0000044083
0.0000044082
0.0000044081
0.0000044079
0.0000044078
0.0000044077
0.0000044075
0.0000044074
0.0000044073
0.0000044071
0.0000044070
0.0000044069
0.0000044067
0.0000044066
0.0000044065
0.0000044063
0.0000044062
0.0000044061
0.0000044059
0.0000044058
0.0000044057
0.0000044055
0.0000044054
0.0000044053
0.0000044051
0.0000044050
0.0000044049
0.0000044047
0.0000044046
0.0000044044
0.0000044043
0.0000044042
0.0000044040
0.0000044039
0.0000044038
0.0000044036
0.0000044035
0.0000044034
0.0000044032
0.0000044031
0.0000044030
0.0000044028
0.0000044027
0.0000044026
0.0000044024
0.0000044023
0.0000044022
0.0000044020
0.0000044019
0.0000044018
0.0000044016
0.0000044015
0.0000044014
0.0000044012
0.0000044011
0.0000044010
0.0000044008
0.0000044007
0.0000044006
0.0000044004
0.0000044003
0.0000044002
0.0000044000
0.0000043999
0.0000043998
0.0000043996
0.0000043995
0.0000043994
0.0000043992
0.0000043991
0.0000043990
0.0000043988
0.0000043987
0.0000043986
0.0000043984
0.0000043983
0.0000043982
0.0000043980
0.0000043979
0.0000043978
0.0000043976
0.0000043975
0.0000043974
0.0000043972
0.0000043971
0.0000043970
0.0000043968
0.0000043967
0.0000043966
0.0000043964
0.0000043963
0.0000043962
0.0000043960
0.0000043959
0.0000043958
0.0000043956
0.0000043955
0.0000043954
0.0000043952
0.0000043951
0.0000043950
0.0000043948
0.0000043947
0.0000043946
0.0000043944
0.0000043943
0.0000043942
0.0000043940
0.0000043939
0.0000043938
0.0000043936
0.0000043935
0.0000043934
0.0000043932
0.0000043931
0.0000043930
0.0000043928
0.0000043927
0.0000043926
0.0000043924
0.0000043923
0.0000043922
0.0000043920
0.0000043919
0.0000043918
0.0000043916
0.0000043915
0.0000043914
0.0000043912
0.0000043911
0.0000043910
0.0000043908
0.0000043907
0.0000043906
0.0000043904
0.0000043903
0.0000043902
0.0000043900
0.0000043899
0.0000043898
0.0000043896
0.0000043895
0.0000043894
0.0000043892
0.0000043891
0.0000043890
0.0000043888
0.0000043887
0.0000043886
0.0000043884
0.0000043883
0.0000043882
0.0000043880
0.0000043879
0.0000043878
0.0000043876
0.0000043875
0.0000043874
0.0000043872
0.0000043871
0.0000043870
0.0000043868
0.0000043867
0.0000043866
0.0000043864
0.0000043863
0.0000043862
0.0000043860
0.0000043859
0.0000043858
0.0000043856
0.0000043855
0.0000043854
0.0000043852
0.0000043851
0.0000043850
0.0000043848
0.0000043847
0.0000043846
0.0000043844
0.0000043843
0.0000043842
0.0000043840
0.0000043839
0.0000043838
0.0000043836
0.0000043835
0.0000043834
0.0000043832
0.0000043831
0.0000043830
0.0000043828
0.0000043827
0.0000043826
0.0000043824
0.0000043823
0.0000043822
0.0000043820
0.0000043819
0.0000043818
0.0000043816
0.0000043815
0.0000043814
0.0000043813
0.0000043811
0.0000043810
0.0000043809
0.0000043807
0.0000043806
0.0000043805
0.0000043803
0.0000043802
0.0000043801
0.0000043799
0.0000043798
0.0000043797
0.0000043795
0.0000043794
0.0000043793
0.0000043791
0.0000043790
0.0000043789
0.0000043787
0.0000043786
0.0000043785
0.0000043783
0.0000043782
0.0000043781
0.0000043779
0.0000043778
0.0000043777
0.0000043775
0.0000043774
0.0000043773
0.0000043771
0.0000043770
0.0000043769
0.0000043767
0.0000043766
0.0000043765
0.0000043763
0.0000043762
0.0000043761
0.0000043759
0.0000043758
0.0000043757
0.0000043755
0.0000043754
0.0000043753
0.0000043751
0.0000043750
0.0000043749
0.0000043748
0.0000043746
0.0000043745
0.0000043744
0.0000043742
0.0000043741
0.0000043740
0.0000043738
0.0000043737
0.0000043736
0.0000043734
0.0000043733
0.0000043732
0.0000043730
0.0000043729
0.0000043728
0.0000043726
0.0000043725
0.0000043724
0.0000043722
0.0000043721
0.0000043720
0.0000043718
0.0000043717
0.0000043716
0.0000043714
0.0000043713
0.0000043712
0.0000043710
0.0000043709
0.0000043708
0.0000043706
0.0000043705
0.0000043704
0.0000043703
0.0000043701
0.0000043700
0.0000043699
0.0000043697
0.0000043696
0.0000043695
0.0000043693
0.0000043692
0.0000043691
0.0000043689
0.0000043688
0.0000043687
0.0000043685
0.0000043684
0.0000043683
0.0000043681
0.0000043680
0.0000043679
0.0000043677
0.0000043676
0.0000043675
0.0000043673
0.0000043672
0.0000043671
0.0000043669
0.0000043668
0.0000043667
0.0000043666
0.0000043664
0.0000043663
0.0000043662
0.0000043660
0.0000043659
0.0000043658
0.0000043656
0.0000043655
0.0000043654
0.0000043652
0.0000043651
0.0000043650
0.0000043648
0.0000043647
0.0000043646
0.0000043644
0.0000043643
0.0000043642
0.0000043640
0.0000043639
0.0000043638
0.0000043636
0.0000043635
0.0000043634
0.0000043633
0.0000043631
0.0000043630
0.0000043629
0.0000043627
0.0000043626
0.0000043625
0.0000043623
0.0000043622
0.0000043621
0.0000043619
0.0000043618
0.0000043617
0.0000043615
0.0000043614
0.0000043613
0.0000043611
0.0000043610
0.0000043609
0.0000043607
0.0000043606
0.0000043605
0.0000043604
0.0000043602
0.0000043601
0.0000043600
0.0000043598
0.0000043597
0.0000043596
0.0000043594
0.0000043593
0.0000043592
0.0000043590
0.0000043589
0.0000043588
0.0000043586
0.0000043585
0.0000043584
0.0000043582
0.0000043581
0.0000043580
0.0000043578
0.0000043577
0.0000043576
0.0000043575
0.0000043573
0.0000043572
0.0000043571
0.0000043569
0.0000043568
0.0000043567
0.0000043565
0.0000043564
0.0000043563
0.0000043561
0.0000043560
0.0000043559
0.0000043557
0.0000043556
0.0000043555
0.0000043553
0.0000043552
0.0000043551
0.0000043550
0.0000043548
0.0000043547
0.0000043546
0.0000043544
0.0000043543
0.0000043542
0.0000043540
0.0000043539
0.0000043538
0.0000043536
0.0000043535
0.0000043534
0.0000043532
0.0000043531
0.0000043530
0.0000043529
0.0000043527
0.0000043526
0.0000043525
0.0000043523
0.0000043522
0.0000043521
0.0000043519
0.0000043518
0.0000043517
0.0000043515
0.0000043514
0.0000043513
0.0000043511
0.0000043510
0.0000043509
0.0000043507
0.0000043506
0.0000043505
0.0000043504
0.0000043502
0.0000043501
0.0000043500
0.0000043498
0.0000043497
0.0000043496
0.0000043494
0.0000043493
0.0000043492
0.0000043490
0.0000043489
0.0000043488
0.0000043486
0.0000043485
0.0000043484
0.0000043483
0.0000043481
0.0000043480
0.0000043479
0.0000043477
0.0000043476
0.0000043475
0.0000043473
0.0000043472
0.0000043471
0.0000043469
0.0000043468
0.0000043467
0.0000043465
0.0000043464
0.0000043463
0.0000043462
0.0000043460
0.0000043459
0.0000043458
0.0000043456
0.0000043455
0.0000043454
0.0000043452
0.0000043451
0.0000043450
0.0000043448
0.0000043447
0.0000043446
0.0000043445
0.0000043443
0.0000043442
0.0000043441
0.0000043439
0.0000043438
0.0000043437
0.0000043435
0.0000043434
0.0000043433
0.0000043431
0.0000043430
0.0000043429
0.0000043427
0.0000043426
0.0000043425
0.0000043424
0.0000043422
0.0000043421
0.0000043420
0.0000043418
0.0000043417
0.0000043416
0.0000043414
0.0000043413
0.0000043412
0.0000043410
0.0000043409
0.0000043408
0.0000043407
0.0000043405
0.0000043404
0.0000043403
0.0000043401
0.0000043400
0.0000043399
0.0000043397
0.0000043396
0.0000043395
0.0000043393
0.0000043392
0.0000043391
0.0000043390
0.0000043388
0.0000043387
0.0000043386
0.0000043384
0.0000043383
0.0000043382
0.0000043380
0.0000043379
0.0000043378
0.0000043376
0.0000043375
0.0000043374
0.0000043373
0.0000043371
0.0000043370
0.0000043369
0.0000043367
0.0000043366
0.0000043365
0.0000043363
0.0000043362
0.0000043361
0.0000043359
0.0000043358
0.0000043357
0.0000043356
0.0000043354
0.0000043353
0.0000043352
0.0000043350
0.0000043349
0.0000043348
0.0000043346
0.0000043345
0.0000043344
0.0000043342
0.0000043341
0.0000043340
0.0000043339
0.0000043337
0.0000043336
0.0000043335
0.0000043333
0.0000043332
0.0000043331
0.0000043329
0.0000043328
0.0000043327
0.0000043326
0.0000043324
0.0000043323
0.0000043322
0.0000043320
0.0000043319
0.0000043318
0.0000043316
0.0000043315
0.0000043314
0.0000043312
0.0000043311
0.0000043310
0.0000043309
0.0000043307
0.0000043306
0.0000043305
0.0000043303
0.0000043302
0.0000043301
0.0000043299
0.0000043298
0.0000043297
0.0000043296
0.0000043294
0.0000043293
0.0000043292
0.0000043290
0.0000043289
0.0000043288
0.0000043286
0.0000043285
0.0000043284
0.0000043283
0.0000043281
0.0000043280
0.0000043279
0.0000043277
0.0000043276
0.0000043275
0.0000043273
0.0000043272
0.0000043271
0.0000043269
0.0000043268
0.0000043267
0.0000043266
0.0000043264
0.0000043263
0.0000043262
0.0000043260
0.0000043259
0.0000043258
0.0000043256
0.0000043255
0.0000043254
0.0000043253
0.0000043251
0.0000043250
0.0000043249
0.0000043247
0.0000043246
0.0000043245
0.0000043243
0.0000043242
0.0000043241
0.0000043240
0.0000043238
0.0000043237
0.0000043236
0.0000043234
0.0000043233
0.0000043232
0.0000043230
0.0000043229
0.0000043228
0.0000043227
0.0000043225
0.0000043224
0.0000043223
0.0000043221
0.0000043220
0.0000043219
0.0000043217
0.0000043216
0.0000043215
0.0000043214
0.0000043212
0.0000043211
0.0000043210
0.0000043208
0.0000043207
0.0000043206
0.0000043204
0.0000043203
0.0000043202
0.0000043201
0.0000043199
0.0000043198
0.0000043197
0.0000043195
0.0000043194
0.0000043193
0.0000043191
0.0000043190
0.0000043189
0.0000043188
0.0000043186
0.0000043185
0.0000043184
0.0000043182
0.0000043181
0.0000043180
0.0000043178
0.0000043177
0.0000043176
0.0000043175
0.0000043173
0.0000043172
0.0000043171
0.0000043169
0.0000043168
0.0000043167
0.0000043165
0.0000043164
0.0000043163
0.0000043162
0.0000043160
0.0000043159
0.0000043158
0.0000043156
0.0000043155
0.0000043154
0.0000043153
0.0000043151
0.0000043150
0.0000043149
0.0000043147
0.0000043146
0.0000043145
0.0000043143
0.0000043142
0.0000043141
0.0000043140
0.0000043138
0.0000043137
0.0000043136
0.0000043134
0.0000043133
0.0000043132
0.0000043130
0.0000043129
0.0000043128
0.0000043127
0.0000043125
0.0000043124
0.0000043123
0.0000043121
0.0000043120
0.0000043119
0.0000043118
0.0000043116
0.0000043115
0.0000043114
0.0000043112
0.0000043111
0.0000043110
0.0000043108
0.0000043107
0.0000043106
0.0000043105
0.0000043103
0.0000043102
0.0000043101
0.0000043099
0.0000043098
0.0000043097
0.0000043096
0.0000043094
0.0000043093
0.0000043092
0.0000043090
0.0000043089
0.0000043088
0.0000043086
0.0000043085
0.0000043084
0.0000043083
0.0000043081
0.0000043080
0.0000043079
0.0000043077
0.0000043076
0.0000043075
0.0000043074
0.0000043072
0.0000043071
0.0000043070
0.0000043068
0.0000043067
0.0000043066
0.0000043064
0.0000043063
0.0000043062
0.0000043061
0.0000043059
0.0000043058
0.0000043057
0.0000043055
0.0000043054
0.0000043053
0.0000043052
0.0000043050
0.0000043049
0.0000043048
0.0000043046
0.0000043045
0.0000043044
0.0000043043
0.0000043041
0.0000043040
0.0000043039
0.0000043037
0.0000043036
0.0000043035
0.0000043033
0.0000043032
0.0000043031
0.0000043030
0.0000043028
0.0000043027
0.0000043026
0.0000043024
0.0000043023
0.0000043022
0.0000043021
0.0000043019
0.0000043018
0.0000043017
0.0000043015
0.0000043014
0.0000043013
0.0000043012
0.0000043010
0.0000043009
0.0000043008
0.0000043006
0.0000043005
0.0000043004
0.0000043003
0.0000043001
0.0000043000
0.0000042999
0.0000042997
0.0000042996
0.0000042995
0.0000042993
0.0000042992
0.0000042991
0.0000042990
0.0000042988
0.0000042987
0.0000042986
0.0000042984
0.0000042983
0.0000042982
0.0000042981
0.0000042979
0.0000042978
0.0000042977
0.0000042975
0.0000042974
0.0000042973
0.0000042972
0.0000042970
0.0000042969
0.0000042968
0.0000042966
0.0000042965
0.0000042964
0.0000042963
0.0000042961
0.0000042960
0.0000042959
0.0000042957
0.0000042956
0.0000042955
0.0000042954
0.0000042952
0.0000042951
0.0000042950
0.0000042948
0.0000042947
0.0000042946
0.0000042945
0.0000042943
0.0000042942
0.0000042941
0.0000042939
0.0000042938
0.0000042937
0.0000042936
0.0000042934
0.0000042933
0.0000042932
0.0000042930
0.0000042929
0.0000042928
0.0000042927
0.0000042925
0.0000042924
0.0000042923
0.0000042921
0.0000042920
0.0000042919
0.0000042918
0.0000042916
0.0000042915
0.0000042914
0.0000042912
0.0000042911
0.0000042910
0.0000042909
0.0000042907
0.0000042906
0.0000042905
0.0000042903
0.0000042902
0.0000042901
0.0000042900
0.0000042898
0.0000042897
0.0000042896
0.0000042894
0.0000042893
0.0000042892
0.0000042891
0.0000042889
0.0000042888
0.0000042887
0.0000042885
0.0000042884
0.0000042883
0.0000042882
0.0000042880
0.0000042879
0.0000042878
0.0000042876
0.0000042875
0.0000042874
0.0000042873
0.0000042871
0.0000042870
0.0000042869
0.0000042867
0.0000042866
0.0000042865
0.0000042864
0.0000042862
0.0000042861
0.0000042860
0.0000042858
0.0000042857
0.0000042856
0.0000042855
0.0000042853
0.0000042852
0.0000042851
0.0000042849
0.0000042848
0.0000042847
0.0000042846
0.0000042844
0.0000042843
0.0000042842
0.0000042840
0.0000042839
0.0000042838
0.0000042837
0.0000042835
0.0000042834
0.0000042833
0.0000042831
0.0000042830
0.0000042829
0.0000042828
0.0000042826
0.0000042825
0.0000042824
0.0000042823
0.0000042821
0.0000042820
0.0000042819
0.0000042817
0.0000042816
0.0000042815
0.0000042814
0.0000042812
0.0000042811
0.0000042810
0.0000042808
0.0000042807
0.0000042806
0.0000042805
0.0000042803
0.0000042802
0.0000042801
0.0000042799
0.0000042798
0.0000042797
0.0000042796
0.0000042794
0.0000042793
0.0000042792
0.0000042790
0.0000042789
0.0000042788
0.0000042787
0.0000042785
0.0000042784
0.0000042783
0.0000042782
0.0000042780
0.0000042779
0.0000042778
0.0000042776
0.0000042775
0.0000042774
0.0000042773
0.0000042771
0.0000042770
0.0000042769
0.0000042767
0.0000042766
0.0000042765
0.0000042764
0.0000042762
0.0000042761
0.0000042760
0.0000042759
0.0000042757
0.0000042756
0.0000042755
0.0000042753
0.0000042752
0.0000042751
0.0000042750
0.0000042748
0.0000042747
0.0000042746
0.0000042744
0.0000042743
0.0000042742
0.0000042741
0.0000042739
0.0000042738
0.0000042737
0.0000042735
0.0000042734
0.0000042733
0.0000042732
0.0000042730
0.0000042729
0.0000042728
0.0000042727
0.0000042725
0.0000042724
0.0000042723
0.0000042721
0.0000042720
0.0000042719
0.0000042718
0.0000042716
0.0000042715
0.0000042714
0.0000042713
0.0000042711
0.0000042710
0.0000042709
0.0000042707
0.0000042706
0.0000042705
0.0000042704
0.0000042702
0.0000042701
0.0000042700
0.0000042698
0.0000042697
0.0000042696
0.0000042695
0.0000042693
0.0000042692
0.0000042691
0.0000042690
0.0000042688
0.0000042687
0.0000042686
0.0000042684
0.0000042683
0.0000042682
0.0000042681
0.0000042679
0.0000042678
0.0000042677
0.0000042676
0.0000042674
0.0000042673
0.0000042672
0.0000042670
0.0000042669
0.0000042668
0.0000042667
0.0000042665
0.0000042664
0.0000042663
0.0000042661
0.0000042660
0.0000042659
0.0000042658
0.0000042656
0.0000042655
0.0000042654
0.0000042653
0.0000042651
0.0000042650
0.0000042649
0.0000042647
0.0000042646
0.0000042645
0.0000042644
0.0000042642
0.0000042641
0.0000042640
0.0000042639
0.0000042637
0.0000042636
0.0000042635
0.0000042633
0.0000042632
0.0000042631
0.0000042630
0.0000042628
0.0000042627
0.0000042626
0.0000042625
0.0000042623
0.0000042622
0.0000042621
0.0000042619
0.0000042618
0.0000042617
0.0000042616
0.0000042614
0.0000042613
0.0000042612
0.0000042611
0.0000042609
0.0000042608
0.0000042607
0.0000042605
0.0000042604
0.0000042603
0.0000042602
0.0000042600
0.0000042599
0.0000042598
0.0000042597
0.0000042595
0.0000042594
0.0000042593
0.0000042591
0.0000042590
0.0000042589
0.0000042588
0.0000042586
0.0000042585
0.0000042584
0.0000042583
0.0000042581
0.0000042580
0.0000042579
0.0000042578
0.0000042576
0.0000042575
0.0000042574
0.0000042572
0.0000042571
0.0000042570
0.0000042569
0.0000042567
0.0000042566
0.0000042565
0.0000042564
0.0000042562
0.0000042561
0.0000042560
0.0000042558
0.0000042557
0.0000042556
0.0000042555
0.0000042553
0.0000042552
0.0000042551
0.0000042550
0.0000042548
0.0000042547
0.0000042546
0.0000042544
0.0000042543
0.0000042542
0.0000042541
0.0000042539
0.0000042538
0.0000042537
0.0000042536
0.0000042534
0.0000042533
0.0000042532
0.0000042531
0.0000042529
0.0000042528
0.0000042527
0.0000042525
0.0000042524
0.0000042523
0.0000042522
0.0000042520
0.0000042519
0.0000042518
0.0000042517
0.0000042515
0.0000042514
0.0000042513
0.0000042512
0.0000042510
0.0000042509
0.0000042508
0.0000042506
0.0000042505
0.0000042504
0.0000042503
0.0000042501
0.0000042500
0.0000042499
0.0000042498
0.0000042496
0.0000042495
0.0000042494
0.0000042493
0.0000042491
0.0000042490
0.0000042489
0.0000042487
0.0000042486
0.0000042485
0.0000042484
0.0000042482
0.0000042481
0.0000042480
0.0000042479
0.0000042477
0.0000042476
0.0000042475
0.0000042474
0.0000042472
0.0000042471
0.0000042470
0.0000042468
0.0000042467
0.0000042466
0.0000042465
0.0000042463
0.0000042462
0.0000042461
0.0000042460
0.0000042458
0.0000042457
0.0000042456
0.0000042455
0.0000042453
0.0000042452
0.0000042451
0.0000042449
0.0000042448
0.0000042447
0.0000042446
0.0000042444
0.0000042443
0.0000042442
0.0000042441
0.0000042439
0.0000042438
0.0000042437
0.0000042436
0.0000042434
0.0000042433
0.0000042432
0.0000042431
0.0000042429
0.0000042428
0.0000042427
0.0000042425
0.0000042424
0.0000042423
0.0000042422
0.0000042420
0.0000042419
0.0000042418
0.0000042417
0.0000042415
0.0000042414
0.0000042413
0.0000042412
0.0000042410
0.0000042409
0.0000042408
0.0000042407
0.0000042405
0.0000042404
0.0000042403
0.0000042401
0.0000042400
0.0000042399
0.0000042398
0.0000042396
0.0000042395
0.0000042394
0.0000042393
0.0000042391
0.0000042390
0.0000042389
0.0000042388
0.0000042386
0.0000042385
0.0000042384
0.0000042383
0.0000042381
0.0000042380
0.0000042379
0.0000042377
0.0000042376
0.0000042375
0.0000042374
0.0000042372
0.0000042371
0.0000042370
0.0000042369
0.0000042367
0.0000042366
0.0000042365
0.0000042364
0.0000042362
0.0000042361
0.0000042360
0.0000042359
0.0000042357
0.0000042356
0.0000042355
0.0000042354
0.0000042352
0.0000042351
0.0000042350
0.0000042348
0.0000042347
0.0000042346
0.0000042345
0.0000042343
0.0000042342
0.0000042341
0.0000042340
0.0000042338
0.0000042337
0.0000042336
0.0000042335
0.0000042333
0.0000042332
0.0000042331
0.0000042330
0.0000042328
0.0000042327
0.0000042326
0.0000042325
0.0000042323
0.0000042322
0.0000042321
0.0000042320
0.0000042318
0.0000042317
0.0000042316
0.0000042314
0.0000042313
0.0000042312
0.0000042311
0.0000042309
0.0000042308
0.0000042307
0.0000042306
0.0000042304
0.0000042303
0.0000042302
0.0000042301
0.0000042299
0.0000042298
0.0000042297
0.0000042296
0.0000042294
0.0000042293
0.0000042292
0.0000042291
0.0000042289
0.0000042288
0.0000042287
0.0000042286
0.0000042284
0.0000042283
0.0000042282
0.0000042281
0.0000042279
0.0000042278
0.0000042277
0.0000042275
0.0000042274
0.0000042273
0.0000042272
0.0000042270
0.0000042269
0.0000042268
0.0000042267
0.0000042265
0.0000042264
0.0000042263
0.0000042262
0.0000042260
0.0000042259
0.0000042258
0.0000042257
0.0000042255
0.0000042254
0.0000042253
0.0000042252
0.0000042250
0.0000042249
0.0000042248
0.0000042247
0.0000042245
0.0000042244
0.0000042243
0.0000042242
0.0000042240
0.0000042239
0.0000042238
0.0000042237
0.0000042235
0.0000042234
0.0000042233
0.0000042232
0.0000042230
0.0000042229
0.0000042228
0.0000042227
0.0000042225
0.0000042224
0.0000042223
0.0000042221
0.0000042220
0.0000042219
0.0000042218
0.0000042216
0.0000042215
0.0000042214
0.0000042213
0.0000042211
0.0000042210
0.0000042209
0.0000042208
0.0000042206
0.0000042205
0.0000042204
0.0000042203
0.0000042201
0.0000042200
0.0000042199
0.0000042198
0.0000042196
0.0000042195
0.0000042194
0.0000042193
0.0000042191
0.0000042190
0.0000042189
0.0000042188
0.0000042186
0.0000042185
0.0000042184
0.0000042183
0.0000042181
0.0000042180
0.0000042179
0.0000042178
0.0000042176
0.0000042175
0.0000042174
0.0000042173
0.0000042171
0.0000042170
0.0000042169
0.0000042168
0.0000042166
0.0000042165
0.0000042164
0.0000042163
0.0000042161
0.0000042160
0.0000042159
0.0000042158
0.0000042156
0.0000042155
0.0000042154
0.0000042153
0.0000042151
0.0000042150
0.0000042149
0.0000042148
0.0000042146
0.0000042145
0.0000042144
0.0000042143
0.0000042141
0.0000042140
0.0000042139
0.0000042138
0.0000042136
0.0000042135
0.0000042134
0.0000042133
0.0000042131
0.0000042130
0.0000042129
0.0000042128
0.0000042126
0.0000042125
0.0000042124
0.0000042123
0.0000042121
0.0000042120
0.0000042119
0.0000042118
0.0000042116
0.0000042115
0.0000042114
0.0000042113
0.0000042111
0.0000042110
0.0000042109
0.0000042108
0.0000042106
0.0000042105
0.0000042104
0.0000042103
0.0000042101
0.0000042100
0.0000042099
0.0000042098
0.0000042096
0.0000042095
0.0000042094
0.0000042093
0.0000042091
0.0000042090
0.0000042089
0.0000042088
0.0000042086
0.0000042085
0.0000042084
0.0000042083
0.0000042081
0.0000042080
0.0000042079
0.0000042078
0.0000042076
0.0000042075
0.0000042074
0.0000042073
0.0000042071
0.0000042070
0.0000042069
0.0000042068
0.0000042066
0.0000042065
0.0000042064
0.0000042063
0.0000042061
0.0000042060
0.0000042059
0.0000042058
0.0000042056
0.0000042055
0.0000042054
0.0000042053
0.0000042051
0.0000042050
0.0000042049
0.0000042048
0.0000042046
0.0000042045
0.0000042044
0.0000042043
0.0000042041
0.0000042040
0.0000042039
0.0000042038
0.0000042036
0.0000042035
0.0000042034
0.0000042033
0.0000042031
0.0000042030
0.0000042029
0.0000042028
0.0000042026
0.0000042025
0.0000042024
0.0000042023
0.0000042021
0.0000042020
0.0000042019
0.0000042018
0.0000042016
0.0000042015
0.0000042014
0.0000042013
0.0000042011
0.0000042010
0.0000042009
0.0000042008
0.0000042007
0.0000042005
0.0000042004
0.0000042003
0.0000042002
0.0000042000
0.0000041999
0.0000041998
0.0000041997
0.0000041995
0.0000041994
0.0000041993
0.0000041992
0.0000041990
0.0000041989
0.0000041988
0.0000041987
0.0000041985
0.0000041984
0.0000041983
0.0000041982
0.0000041980
0.0000041979
0.0000041978
0.0000041977
0.0000041975
0.0000041974
0.0000041973
0.0000041972
0.0000041970
0.0000041969
0.0000041968
0.0000041967
0.0000041965
0.0000041964
0.0000041963
0.0000041962
0.0000041960
0.0000041959
0.0000041958
0.0000041957
0.0000041956
0.0000041954
0.0000041953
0.0000041952
0.0000041951
0.0000041949
0.0000041948
0.0000041947
0.0000041946
0.0000041944
0.0000041943
0.0000041942
0.0000041941
0.0000041939
0.0000041938
0.0000041937
0.0000041936
0.0000041934
0.0000041933
0.0000041932
0.0000041931
0.0000041929
0.0000041928
0.0000041927
0.0000041926
0.0000041924
0.0000041923
0.0000041922
0.0000041921
0.0000041919
0.0000041918
0.0000041917
0.0000041916
0.0000041915
0.0000041913
0.0000041912
0.0000041911
0.0000041910
0.0000041908
0.0000041907
0.0000041906
0.0000041905
0.0000041903
0.0000041902
0.0000041901
0.0000041900
0.0000041898
0.0000041897
0.0000041896
0.0000041895
0.0000041893
0.0000041892
0.0000041891
0.0000041890
0.0000041888
0.0000041887
0.0000041886
0.0000041885
0.0000041884
0.0000041882
0.0000041881
0.0000041880
0.0000041879
0.0000041877
0.0000041876
0.0000041875
0.0000041874
0.0000041872
0.0000041871
0.0000041870
0.0000041869
0.0000041867
0.0000041866
0.0000041865
0.0000041864
0.0000041862
0.0000041861
0.0000041860
0.0000041859
0.0000041857
0.0000041856
0.0000041855
0.0000041854
0.0000041853
0.0000041851
0.0000041850
0.0000041849
0.0000041848
0.0000041846
0.0000041845
0.0000041844
0.0000041843
0.0000041841
0.0000041840
0.0000041839
0.0000041838
0.0000041836
0.0000041835
0.0000041834
0.0000041833
0.0000041831
0.0000041830
0.0000041829
0.0000041828
0.0000041827
0.0000041825
0.0000041824
0.0000041823
0.0000041822
0.0000041820
0.0000041819
0.0000041818
0.0000041817
0.0000041815
0.0000041814
0.0000041813
0.0000041812
0.0000041810
0.0000041809
0.0000041808
0.0000041807
0.0000041806
0.0000041804
0.0000041803
0.0000041802
0.0000041801
0.0000041799
0.0000041798
0.0000041797
0.0000041796
0.0000041794
0.0000041793
0.0000041792
0.0000041791
0.0000041789
0.0000041788
0.0000041787
0.0000041786
0.0000041785
0.0000041783
0.0000041782
0.0000041781
0.0000041780
0.0000041778
0.0000041777
0.0000041776
0.0000041775
0.0000041773
0.0000041772
0.0000041771
0.0000041770
0.0000041768
0.0000041767
0.0000041766
0.0000041765
0.0000041764
0.0000041762
0.0000041761
0.0000041760
0.0000041759
0.0000041757
0.0000041756
0.0000041755
0.0000041754
0.0000041752
0.0000041751
0.0000041750
0.0000041749
0.0000041747
0.0000041746
0.0000041745
0.0000041744
0.0000041743
0.0000041741
0.0000041740
0.0000041739
0.0000041738
0.0000041736
0.0000041735
0.0000041734
0.0000041733
0.0000041731
0.0000041730
0.0000041729
0.0000041728
0.0000041727
0.0000041725
0.0000041724
0.0000041723
0.0000041722
0.0000041720
0.0000041719
0.0000041718
0.0000041717
0.0000041715
0.0000041714
0.0000041713
0.0000041712
0.0000041710
0.0000041709
0.0000041708
0.0000041707
0.0000041706
0.0000041704
0.0000041703
0.0000041702
0.0000041701
0.0000041699
0.0000041698
0.0000041697
0.0000041696
0.0000041694
0.0000041693
0.0000041692
0.0000041691
0.0000041690
0.0000041688
0.0000041687
0.0000041686
0.0000041685
0.0000041683
0.0000041682
0.0000041681
0.0000041680
0.0000041678
0.0000041677
0.0000041676
0.0000041675
0.0000041674
0.0000041672
0.0000041671
0.0000041670
0.0000041669
0.0000041667
0.0000041666
0.0000041665
0.0000041664
0.0000041662
0.0000041661
0.0000041660
0.0000041659
0.0000041658
0.0000041656
0.0000041655
0.0000041654
0.0000041653
0.0000041651
0.0000041650
0.0000041649
0.0000041648
0.0000041646
0.0000041645
0.0000041644
0.0000041643
0.0000041642
0.0000041640
0.0000041639
0.0000041638
0.0000041637
0.0000041635
0.0000041634
0.0000041633
0.0000041632
0.0000041631
0.0000041629
0.0000041628
0.0000041627
0.0000041626
0.0000041624
0.0000041623
0.0000041622
0.0000041621
0.0000041619
0.0000041618
0.0000041617
0.0000041616
0.0000041615
0.0000041613
0.0000041612
0.0000041611
0.0000041610
0.0000041608
0.0000041607
0.0000041606
0.0000041605
0.0000041603
0.0000041602
0.0000041601
0.0000041600
0.0000041599
0.0000041597
0.0000041596
0.0000041595
0.0000041594
0.0000041592
0.0000041591
0.0000041590
0.0000041589
0.0000041588
0.0000041586
0.0000041585
0.0000041584
0.0000041583
0.0000041581
0.0000041580
0.0000041579
0.0000041578
0.0000041576
0.0000041575
0.0000041574
0.0000041573
0.0000041572
0.0000041570
0.0000041569
0.0000041568
0.0000041567
0.0000041565
0.0000041564
0.0000041563
0.0000041562
0.0000041561
0.0000041559
0.0000041558
0.0000041557
0.0000041556
0.0000041554
0.0000041553
0.0000041552
0.0000041551
0.0000041550
0.0000041548
0.0000041547
0.0000041546
0.0000041545
0.0000041543
0.0000041542
0.0000041541
0.0000041540
0.0000041539
0.0000041537
0.0000041536
0.0000041535
0.0000041534
0.0000041532
0.0000041531
0.0000041530
0.0000041529
0.0000041527
0.0000041526
0.0000041525
0.0000041524
0.0000041523
0.0000041521
0.0000041520
0.0000041519
0.0000041518
0.0000041516
0.0000041515
0.0000041514
0.0000041513
0.0000041512
0.0000041510
0.0000041509
0.0000041508
0.0000041507
0.0000041505
0.0000041504
0.0000041503
0.0000041502
0.0000041501
0.0000041499
0.0000041498
0.0000041497
0.0000041496
0.0000041494
0.0000041493
0.0000041492
0.0000041491
0.0000041490
0.0000041488
0.0000041487
0.0000041486
0.0000041485
0.0000041483
0.0000041482
0.0000041481
0.0000041480
0.0000041479
0.0000041477
0.0000041476
0.0000041475
0.0000041474
0.0000041472
0.0000041471
0.0000041470
0.0000041469
0.0000041468
0.0000041466
0.0000041465
0.0000041464
0.0000041463
0.0000041461
0.0000041460
0.0000041459
0.0000041458
0.0000041457
0.0000041455
0.0000041454
0.0000041453
0.0000041452
0.0000041450
0.0000041449
0.0000041448
0.0000041447
0.0000041446
0.0000041444
0.0000041443
0.0000041442
0.0000041441
0.0000041439
0.0000041438
0.0000041437
0.0000041436
0.0000041435
0.0000041433
0.0000041432
0.0000041431
0.0000041430
0.0000041428
0.0000041427
0.0000041426
0.0000041425
0.0000041424
0.0000041422
0.0000041421
0.0000041420
0.0000041419
0.0000041418
0.0000041416
0.0000041415
0.0000041414
0.0000041413
0.0000041411
0.0000041410
0.0000041409
0.0000041408
0.0000041407
0.0000041405
0.0000041404
0.0000041403
0.0000041402
0.0000041400
0.0000041399
0.0000041398
0.0000041397
0.0000041396
0.0000041394
0.0000041393
0.0000041392
0.0000041391
0.0000041389
0.0000041388
0.0000041387
0.0000041386
0.0000041385
0.0000041383
0.0000041382
0.0000041381
0.0000041380
0.0000041379
0.0000041377
0.0000041376
0.0000041375
0.0000041374
0.0000041372
0.0000041371
0.0000041370
0.0000041369
0.0000041368
0.0000041366
0.0000041365
0.0000041364
0.0000041363
0.0000041361
0.0000041360
0.0000041359
0.0000041358
0.0000041357
0.0000041355
0.0000041354
0.0000041353
0.0000041352
0.0000041351
0.0000041349
0.0000041348
0.0000041347
0.0000041346
0.0000041344
0.0000041343
0.0000041342
0.0000041341
0.0000041340
0.0000041338
0.0000041337
0.0000041336
0.0000041335
0.0000041333
0.0000041332
0.0000041331
0.0000041330
0.0000041329
0.0000041327
0.0000041326
0.0000041325
0.0000041324
0.0000041323
0.0000041321
0.0000041320
0.0000041319
0.0000041318
0.0000041316
0.0000041315
0.0000041314
0.0000041313
0.0000041312
0.0000041310
0.0000041309
0.0000041308
0.0000041307
0.0000041306
0.0000041304
0.0000041303
0.0000041302
0.0000041301
0.0000041299
0.0000041298
0.0000041297
0.0000041296
0.0000041295
0.0000041293
0.0000041292
0.0000041291
0.0000041290
0.0000041289
0.0000041287
0.0000041286
0.0000041285
0.0000041284
0.0000041282
0.0000041281
0.0000041280
0.0000041279
0.0000041278
0.0000041276
0.0000041275
0.0000041274
0.0000041273
0.0000041272
0.0000041270
0.0000041269
0.0000041268
0.0000041267
0.0000041265
0.0000041264
0.0000041263
0.0000041262
0.0000041261
0.0000041259
0.0000041258
0.0000041257
0.0000041256
0.0000041255
0.0000041253
0.0000041252
0.0000041251
0.0000041250
0.0000041249
0.0000041247
0.0000041246
0.0000041245
0.0000041244
0.0000041242
0.0000041241
0.0000041240
0.0000041239
0.0000041238
0.0000041236
0.0000041235
0.0000041234
0.0000041233
0.0000041232
0.0000041230
0.0000041229
0.0000041228
0.0000041227
0.0000041225
0.0000041224
0.0000041223
0.0000041222
0.0000041221
0.0000041219
0.0000041218
0.0000041217
0.0000041216
0.0000041215
0.0000041213
0.0000041212
0.0000041211
0.0000041210
0.0000041209
0.0000041207
0.0000041206
0.0000041205
0.0000041204
0.0000041202
0.0000041201
0.0000041200
0.0000041199
0.0000041198
0.0000041196
0.0000041195
0.0000041194
0.0000041193
0.0000041192
0.0000041190
0.0000041189
0.0000041188
0.0000041187
0.0000041186
0.0000041184
0.0000041183
0.0000041182
0.0000041181
0.0000041179
0.0000041178
0.0000041177
0.0000041176
0.0000041175
0.0000041173
0.0000041172
0.0000041171
0.0000041170
0.0000041169
0.0000041167
0.0000041166
0.0000041165
0.0000041164
0.0000041163
0.0000041161
0.0000041160
0.0000041159
0.0000041158
0.0000041157
0.0000041155
0.0000041154
0.0000041153
0.0000041152
0.0000041150
0.0000041149
0.0000041148
0.0000041147
0.0000041146
0.0000041144
0.0000041143
0.0000041142
0.0000041141
0.0000041140
0.0000041138
0.0000041137
0.0000041136
0.0000041135
0.0000041134
0.0000041132
0.0000041131
0.0000041130
0.0000041129
0.0000041128
0.0000041126
0.0000041125
0.0000041124
0.0000041123
0.0000041122
0.0000041120
0.0000041119
0.0000041118
0.0000041117
0.0000041115
0.0000041114
0.0000041113
0.0000041112
0.0000041111
0.0000041109
0.0000041108
0.0000041107
0.0000041106
0.0000041105
0.0000041103
0.0000041102
0.0000041101
0.0000041100
0.0000041099
0.0000041097
0.0000041096
0.0000041095
0.0000041094
0.0000041093
0.0000041091
0.0000041090
0.0000041089
0.0000041088
0.0000041087
0.0000041085
0.0000041084
0.0000041083
0.0000041082
0.0000041080
0.0000041079
0.0000041078
0.0000041077
0.0000041076
0.0000041074
0.0000041073
0.0000041072
0.0000041071
0.0000041070
0.0000041068
0.0000041067
0.0000041066
0.0000041065
0.0000041064
0.0000041062
0.0000041061
0.0000041060
0.0000041059
0.0000041058
0.0000041056
0.0000041055
0.0000041054
0.0000041053
0.0000041052
0.0000041050
0.0000041049
0.0000041048
0.0000041047
0.0000041046
0.0000041044
0.0000041043
0.0000041042
0.0000041041
0.0000041040
0.0000041038
0.0000041037
0.0000041036
0.0000041035
0.0000041034
0.0000041032
0.0000041031
0.0000041030
0.0000041029
0.0000041028
0.0000041026
0.0000041025
0.0000041024
0.0000041023
0.0000041022
0.0000041020
0.0000041019
0.0000041018
0.0000041017
0.0000041015
0.0000041014
0.0000041013
0.0000041012
0.0000041011
0.0000041009
0.0000041008
0.0000041007
0.0000041006
0.0000041005
0.0000041003
0.0000041002
0.0000041001
0.0000041000
0.0000040999
0.0000040997
0.0000040996
0.0000040995
0.0000040994
0.0000040993
0.0000040991
0.0000040990
0.0000040989
0.0000040988
0.0000040987
0.0000040985
0.0000040984
0.0000040983
0.0000040982
0.0000040981
0.0000040979
0.0000040978
0.0000040977
0.0000040976
0.0000040975
0.0000040973
0.0000040972
0.0000040971
0.0000040970
0.0000040969
0.0000040967
0.0000040966
0.0000040965
0.0000040964
0.0000040963
0.0000040961
0.0000040960
0.0000040959
0.0000040958
0.0000040957
0.0000040955
0.0000040954
0.0000040953
0.0000040952
0.0000040951
0.0000040949
0.0000040948
0.0000040947
0.0000040946
0.0000040945
0.0000040943
0.0000040942
0.0000040941
0.0000040940
0.0000040939
0.0000040937
0.0000040936
0.0000040935
0.0000040934
0.0000040933
0.0000040931
0.0000040930
0.0000040929
0.0000040928
0.0000040927
0.0000040925
0.0000040924
0.0000040923
0.0000040922
0.0000040921
0.0000040919
0.0000040918
0.0000040917
0.0000040916
0.0000040915
0.0000040913
0.0000040912
0.0000040911
0.0000040910
0.0000040909
0.0000040907
0.0000040906
0.0000040905
0.0000040904
0.0000040903
0.0000040901
0.0000040900
0.0000040899
0.0000040898
0.0000040897
0.0000040896
0.0000040894
0.0000040893
0.0000040892
0.0000040891
0.0000040890
0.0000040888
0.0000040887
0.0000040886
0.0000040885
0.0000040884
0.0000040882
0.0000040881
0.0000040880
0.0000040879
0.0000040878
0.0000040876
0.0000040875
0.0000040874
0.0000040873
0.0000040872
0.0000040870
0.0000040869
0.0000040868
0.0000040867
0.0000040866
0.0000040864
0.0000040863
0.0000040862
0.0000040861
0.0000040860
0.0000040858
0.0000040857
0.0000040856
0.0000040855
0.0000040854
0.0000040852
0.0000040851
0.0000040850
0.0000040849
0.0000040848
0.0000040846
0.0000040845
0.0000040844
0.0000040843
0.0000040842
0.0000040840
0.0000040839
0.0000040838
0.0000040837
0.0000040836
0.0000040835
0.0000040833
0.0000040832
0.0000040831
0.0000040830
0.0000040829
0.0000040827
0.0000040826
0.0000040825
0.0000040824
0.0000040823
0.0000040821
0.0000040820
0.0000040819
0.0000040818
0.0000040817
0.0000040815
0.0000040814
0.0000040813
0.0000040812
0.0000040811
0.0000040809
0.0000040808
0.0000040807
0.0000040806
0.0000040805
0.0000040803
0.0000040802
0.0000040801
0.0000040800
0.0000040799
0.0000040797
0.0000040796
0.0000040795
0.0000040794
0.0000040793
0.0000040792
0.0000040790
0.0000040789
0.0000040788
0.0000040787
0.0000040786
0.0000040784
0.0000040783
0.0000040782
0.0000040781
0.0000040780
0.0000040778
0.0000040777
0.0000040776
0.0000040775
0.0000040774
0.0000040772
0.0000040771
0.0000040770
0.0000040769
0.0000040768
0.0000040766
0.0000040765
0.0000040764
0.0000040763
0.0000040762
0.0000040761
0.0000040759
0.0000040758
0.0000040757
0.0000040756
0.0000040755
0.0000040753
0.0000040752
0.0000040751
0.0000040750
0.0000040749
0.0000040747
0.0000040746
0.0000040745
0.0000040744
0.0000040743
0.0000040741
0.0000040740
0.0000040739
0.0000040738
0.0000040737
0.0000040736
0.0000040734
0.0000040733
0.0000040732
0.0000040731
0.0000040730
0.0000040728
0.0000040727
0.0000040726
0.0000040725
0.0000040724
0.0000040722
0.0000040721
0.0000040720
0.0000040719
0.0000040718
0.0000040716
0.0000040715
0.0000040714
0.0000040713
0.0000040712
0.0000040711
0.0000040709
0.0000040708
0.0000040707
0.0000040706
0.0000040705
0.0000040703
0.0000040702
0.0000040701
0.0000040700
0.0000040699
0.0000040697
0.0000040696
0.0000040695
0.0000040694
0.0000040693
0.0000040691
0.0000040690
0.0000040689
0.0000040688
0.0000040687
0.0000040686
0.0000040684
0.0000040683
0.0000040682
0.0000040681
0.0000040680
0.0000040678
0.0000040677
0.0000040676
0.0000040675
0.0000040674
0.0000040672
0.0000040671
0.0000040670
0.0000040669
0.0000040668
0.0000040667
0.0000040665
0.0000040664
0.0000040663
0.0000040662
0.0000040661
0.0000040659
0.0000040658
0.0000040657
0.0000040656
0.0000040655
0.0000040653
0.0000040652
0.0000040651
0.0000040650
0.0000040649
0.0000040648
0.0000040646
0.0000040645
0.0000040644
0.0000040643
0.0000040642
0.0000040640
0.0000040639
0.0000040638
0.0000040637
0.0000040636
0.0000040634
0.0000040633
0.0000040632
0.0000040631
0.0000040630
0.0000040629
0.0000040627
0.0000040626
0.0000040625
0.0000040624
0.0000040623
0.0000040621
0.0000040620
0.0000040619
0.0000040618
0.0000040617
0.0000040616
0.0000040614
0.0000040613
0.0000040612
0.0000040611
0.0000040610
0.0000040608
0.0000040607
0.0000040606
0.0000040605
0.0000040604
0.0000040602
0.0000040601
0.0000040600
0.0000040599
0.0000040598
0.0000040597
0.0000040595
0.0000040594
0.0000040593
0.0000040592
0.0000040591
0.0000040589
0.0000040588
0.0000040587
0.0000040586
0.0000040585
0.0000040584
0.0000040582
0.0000040581
0.0000040580
0.0000040579
0.0000040578
0.0000040576
0.0000040575
0.0000040574
0.0000040573
0.0000040572
0.0000040570
0.0000040569
0.0000040568
0.0000040567
0.0000040566
0.0000040565
0.0000040563
0.0000040562
0.0000040561
0.0000040560
0.0000040559
0.0000040557
0.0000040556
0.0000040555
0.0000040554
0.0000040553
0.0000040552
0.0000040550
0.0000040549
0.0000040548
0.0000040547
0.0000040546
0.0000040544
0.0000040543
0.0000040542
0.0000040541
0.0000040540
0.0000040539
0.0000040537
0.0000040536
0.0000040535
0.0000040534
0.0000040533
0.0000040531
0.0000040530
0.0000040529
0.0000040528
0.0000040527
0.0000040526
0.0000040524
0.0000040523
0.0000040522
0.0000040521
0.0000040520
0.0000040518
0.0000040517
0.0000040516
0.0000040515
0.0000040514
0.0000040513
0.0000040511
0.0000040510
0.0000040509
0.0000040508
0.0000040507
0.0000040505
0.0000040504
0.0000040503
0.0000040502
0.0000040501
0.0000040500
0.0000040498
0.0000040497
0.0000040496
0.0000040495
0.0000040494
0.0000040492
0.0000040491
0.0000040490
0.0000040489
0.0000040488
0.0000040487
0.0000040485
0.0000040484
0.0000040483
0.0000040482
0.0000040481
0.0000040479
0.0000040478
0.0000040477
0.0000040476
0.0000040475
0.0000040474
0.0000040472
0.0000040471
0.0000040470
0.0000040469
0.0000040468
0.0000040467
0.0000040465
0.0000040464
0.0000040463
0.0000040462
0.0000040461
0.0000040459
0.0000040458
0.0000040457
0.0000040456
0.0000040455
0.0000040454
0.0000040452
0.0000040451
0.0000040450
0.0000040449
0.0000040448
0.0000040446
0.0000040445
0.0000040444
0.0000040443
0.0000040442
0.0000040441
0.0000040439
0.0000040438
0.0000040437
0.0000040436
0.0000040435
0.0000040434
0.0000040432
0.0000040431
0.0000040430
0.0000040429
0.0000040428
0.0000040426
0.0000040425
0.0000040424
0.0000040423
0.0000040422
0.0000040421
0.0000040419
0.0000040418
0.0000040417
0.0000040416
0.0000040415
0.0000040413
0.0000040412
0.0000040411
0.0000040410
0.0000040409
0.0000040408
0.0000040406
0.0000040405
0.0000040404
0.0000040403
0.0000040402
0.0000040401
0.0000040399
0.0000040398
0.0000040397
0.0000040396
0.0000040395
0.0000040393
0.0000040392
0.0000040391
0.0000040390
0.0000040389
0.0000040388
0.0000040386
0.0000040385
0.0000040384
0.0000040383
0.0000040382
0.0000040381
0.0000040379
0.0000040378
0.0000040377
0.0000040376
0.0000040375
0.0000040373
0.0000040372
0.0000040371
0.0000040370
0.0000040369
0.0000040368
0.0000040366
0.0000040365
0.0000040364
0.0000040363
0.0000040362
0.0000040361
0.0000040359
0.0000040358
0.0000040357
0.0000040356
0.0000040355
0.0000040354
0.0000040352
0.0000040351
0.0000040350
0.0000040349
0.0000040348
0.0000040346
0.0000040345
0.0000040344
0.0000040343
0.0000040342
0.0000040341
0.0000040339
0.0000040338
0.0000040337
0.0000040336
0.0000040335
0.0000040334
0.0000040332
0.0000040331
0.0000040330
0.0000040329
0.0000040328
0.0000040327
0.0000040325
0.0000040324
0.0000040323
0.0000040322
0.0000040321
0.0000040319
0.0000040318
0.0000040317
0.0000040316
0.0000040315
0.0000040314
0.0000040312
0.0000040311
0.0000040310
0.0000040309
0.0000040308
0.0000040307
0.0000040305
0.0000040304
0.0000040303
0.0000040302
0.0000040301
0.0000040300
0.0000040298
0.0000040297
0.0000040296
0.0000040295
0.0000040294
0.0000040292
