0.0000030486
0.0000030485
0.0000030485
0.0000030484
0.0000030483
0.0000030482
0.0000030481
0.0000030480
0.0000030480
0.0000030479
0.0000030478
0.0000030477
0.0000030476
0.0000030476
0.0000030475
0.0000030474
0.0000030473
0.0000030472
0.0000030471
0.0000030471
0.0000030470
0.0000030469
0.0000030468
0.0000030467
0.0000030466
0.0000030466
0.0000030465
0.0000030464
0.0000030463
0.0000030462
0.0000030462
0.0000030461
0.0000030460
0.0000030459
0.0000030458
0.0000030457
0.0000030457
0.0000030456
0.0000030455
0.0000030454
0.0000030453
0.0000030452
0.0000030452
0.0000030451
0.0000030450
0.0000030449
0.0000030448
0.0000030448
0.0000030447
0.0000030446
0.0000030445
0.0000030444
0.0000030443
0.0000030443
0.0000030442
0.0000030441
0.0000030440
0.0000030439
0.0000030438
0.0000030438
0.0000030437
0.0000030436
0.0000030435
0.0000030434
0.0000030434
0.0000030433
0.0000030432
0.0000030431
0.0000030430
0.0000030429
0.0000030429
0.0000030428
0.0000030427
0.0000030426
0.0000030425
0.0000030424
0.0000030424
0.0000030423
0.0000030422
0.0000030421
0.0000030420
0.0000030420
0.0000030419
0.0000030418
0.0000030417
0.0000030416
0.0000030415
0.0000030415
0.0000030414
0.0000030413
0.0000030412
0.0000030411
0.0000030411
0.0000030410
0.0000030409
0.0000030408
0.0000030407
0.0000030406
0.0000030406
0.0000030405
0.0000030404
0.0000030403
0.0000030402
0.0000030401
0.0000030401
0.0000030400
0.0000030399
0.0000030398
0.0000030397
0.0000030397
0.0000030396
0.0000030395
0.0000030394
0.0000030393
0.0000030392
0.0000030392
0.0000030391
0.0000030390
0.0000030389
0.0000030388
0.0000030387
0.0000030387
0.0000030386
0.0000030385
0.0000030384
0.0000030383
0.0000030383
0.0000030382
0.0000030381
0.0000030380
0.0000030379
0.0000030378
0.0000030378
0.0000030377
0.0000030376
0.0000030375
0.0000030374
0.0000030374
0.0000030373
0.0000030372
0.0000030371
0.0000030370
0.0000030369
0.0000030369
0.0000030368
0.0000030367
0.0000030366
0.0000030365
0.0000030364
0.0000030364
0.0000030363
0.0000030362
0.0000030361
0.0000030360
0.0000030360
0.0000030359
0.0000030358
0.0000030357
0.0000030356
0.0000030355
0.0000030355
0.0000030354
0.0000030353
0.0000030352
0.0000030351
0.0000030351
0.0000030350
0.0000030349
0.0000030348
0.0000030347
0.0000030346
0.0000030346
0.0000030345
0.0000030344
0.0000030343
0.0000030342
0.0000030342
0.0000030341
0.0000030340
0.0000030339
0.0000030338
0.0000030337
0.0000030337
0.0000030336
0.0000030335
0.0000030334
0.0000030333
0.0000030333
0.0000030332
0.0000030331
0.0000030330
0.0000030329
0.0000030328
0.0000030328
0.0000030327
0.0000030326
0.0000030325
0.0000030324
0.0000030323
0.0000030323
0.0000030322
0.0000030321
0.0000030320
0.0000030319
0.0000030319
0.0000030318
0.0000030317
0.0000030316
0.0000030315
0.0000030314
0.0000030314
0.0000030313
0.0000030312
0.0000030311
0.0000030310
0.0000030310
0.0000030309
0.0000030308
0.0000030307
0.0000030306
0.0000030305
0.0000030305
0.0000030304
0.0000030303
0.0000030302
0.0000030301
0.0000030301
0.0000030300
0.0000030299
0.0000030298
0.0000030297
0.0000030296
0.0000030296
0.0000030295
0.0000030294
0.0000030293
0.0000030292
0.0000030292
0.0000030291
0.0000030290
0.0000030289
0.0000030288
0.0000030287
0.0000030287
0.0000030286
0.0000030285
0.0000030284
0.0000030283
0.0000030283
0.0000030282
0.0000030281
0.0000030280
0.0000030279
0.0000030278
0.0000030278
0.0000030277
0.0000030276
0.0000030275
0.0000030274
0.0000030274
0.0000030273
0.0000030272
0.0000030271
0.0000030270
0.0000030269
0.0000030269
0.0000030268
0.0000030267
0.0000030266
0.0000030265
0.0000030265
0.0000030264
0.0000030263
0.0000030262
0.0000030261
0.0000030260
0.0000030260
0.0000030259
0.0000030258
0.0000030257
0.0000030256
0.0000030256
0.0000030255
0.0000030254
0.0000030253
0.0000030252
0.0000030251
0.0000030251
0.0000030250
0.0000030249
0.0000030248
0.0000030247
0.0000030247
0.0000030246
0.0000030245
0.0000030244
0.0000030243
0.0000030242
0.0000030242
0.0000030241
0.0000030240
0.0000030239
0.0000030238
0.0000030238
0.0000030237
0.0000030236
0.0000030235
0.0000030234
0.0000030233
0.0000030233
0.0000030232
0.0000030231
0.0000030230
0.0000030229
0.0000030229
0.0000030228
0.0000030227
0.0000030226
0.0000030225
0.0000030225
0.0000030224
0.0000030223
0.0000030222
0.0000030221
0.0000030220
0.0000030220
0.0000030219
0.0000030218
0.0000030217
0.0000030216
0.0000030216
0.0000030215
0.0000030214
0.0000030213
0.0000030212
0.0000030211
0.0000030211
0.0000030210
0.0000030209
0.0000030208
0.0000030207
0.0000030207
0.0000030206
0.0000030205
0.0000030204
0.0000030203
0.0000030202
0.0000030202
0.0000030201
0.0000030200
0.0000030199
0.0000030198
0.0000030198
0.0000030197
0.0000030196
0.0000030195
0.0000030194
0.0000030193
0.0000030193
0.0000030192
0.0000030191
0.0000030190
0.0000030189
0.0000030189
0.0000030188
0.0000030187
0.0000030186
0.0000030185
0.0000030185
0.0000030184
0.0000030183
0.0000030182
0.0000030181
0.0000030180
0.0000030180
0.0000030179
0.0000030178
0.0000030177
0.0000030176
0.0000030176
0.0000030175
0.0000030174
0.0000030173
0.0000030172
0.0000030171
0.0000030171
0.0000030170
0.0000030169
0.0000030168
0.0000030167
0.0000030167
0.0000030166
0.0000030165
0.0000030164
0.0000030163
0.0000030163
0.0000030162
0.0000030161
0.0000030160
0.0000030159
0.0000030158
0.0000030158
0.0000030157
0.0000030156
0.0000030155
0.0000030154
0.0000030154
0.0000030153
0.0000030152
0.0000030151
0.0000030150
0.0000030149
0.0000030149
0.0000030148
0.0000030147
0.0000030146
0.0000030145
0.0000030145
0.0000030144
0.0000030143
0.0000030142
0.0000030141
0.0000030141
0.0000030140
0.0000030139
0.0000030138
0.0000030137
0.0000030136
0.0000030136
0.0000030135
0.0000030134
0.0000030133
0.0000030132
0.0000030132
0.0000030131
0.0000030130
0.0000030129
0.0000030128
0.0000030128
0.0000030127
0.0000030126
0.0000030125
0.0000030124
0.0000030123
0.0000030123
0.0000030122
0.0000030121
0.0000030120
0.0000030119
0.0000030119
0.0000030118
0.0000030117
0.0000030116
0.0000030115
0.0000030115
0.0000030114
0.0000030113
0.0000030112
0.0000030111
0.0000030110
0.0000030110
0.0000030109
0.0000030108
0.0000030107
0.0000030106
0.0000030106
0.0000030105
0.0000030104
0.0000030103
0.0000030102
0.0000030101
0.0000030101
0.0000030100
0.0000030099
0.0000030098
0.0000030097
0.0000030097
0.0000030096
0.0000030095
0.0000030094
0.0000030093
0.0000030093
0.0000030092
0.0000030091
0.0000030090
0.0000030089
0.0000030088
0.0000030088
0.0000030087
0.0000030086
0.0000030085
0.0000030084
0.0000030084
0.0000030083
0.0000030082
0.0000030081
0.0000030080
0.0000030080
0.0000030079
0.0000030078
0.0000030077
0.0000030076
0.0000030076
0.0000030075
0.0000030074
0.0000030073
0.0000030072
0.0000030071
0.0000030071
0.0000030070
0.0000030069
0.0000030068
0.0000030067
0.0000030067
0.0000030066
0.0000030065
0.0000030064
0.0000030063
0.0000030063
0.0000030062
0.0000030061
0.0000030060
0.0000030059
0.0000030058
0.0000030058
0.0000030057
0.0000030056
0.0000030055
0.0000030054
0.0000030054
0.0000030053
0.0000030052
0.0000030051
0.0000030050
0.0000030050
0.0000030049
0.0000030048
0.0000030047
0.0000030046
0.0000030045
0.0000030045
0.0000030044
0.0000030043
0.0000030042
0.0000030041
0.0000030041
0.0000030040
0.0000030039
0.0000030038
0.0000030037
0.0000030037
0.0000030036
0.0000030035
0.0000030034
0.0000030033
0.0000030033
0.0000030032
0.0000030031
0.0000030030
0.0000030029
0.0000030028
0.0000030028
0.0000030027
0.0000030026
0.0000030025
0.0000030024
0.0000030024
0.0000030023
0.0000030022
0.0000030021
0.0000030020
0.0000030020
0.0000030019
0.0000030018
0.0000030017
0.0000030016
0.0000030015
0.0000030015
0.0000030014
0.0000030013
0.0000030012
0.0000030011
0.0000030011
0.0000030010
0.0000030009
0.0000030008
0.0000030007
0.0000030007
0.0000030006
0.0000030005
0.0000030004
0.0000030003
0.0000030003
0.0000030002
0.0000030001
0.0000030000
0.0000029999
0.0000029998
0.0000029998
0.0000029997
0.0000029996
0.0000029995
0.0000029994
0.0000029994
0.0000029993
0.0000029992
0.0000029991
0.0000029990
0.0000029990
0.0000029989
0.0000029988
0.0000029987
0.0000029986
0.0000029986
0.0000029985
0.0000029984
0.0000029983
0.0000029982
0.0000029981
0.0000029981
0.0000029980
0.0000029979
0.0000029978
0.0000029977
0.0000029977
0.0000029976
0.0000029975
0.0000029974
0.0000029973
0.0000029973
0.0000029972
0.0000029971
0.0000029970
0.0000029969
0.0000029969
0.0000029968
0.0000029967
0.0000029966
0.0000029965
0.0000029965
0.0000029964
0.0000029963
0.0000029962
0.0000029961
0.0000029960
0.0000029960
0.0000029959
0.0000029958
0.0000029957
0.0000029956
0.0000029956
0.0000029955
0.0000029954
0.0000029953
0.0000029952
0.0000029952
0.0000029951
0.0000029950
0.0000029949
0.0000029948
0.0000029948
0.0000029947
0.0000029946
0.0000029945
0.0000029944
0.0000029944
0.0000029943
0.0000029942
0.0000029941
0.0000029940
0.0000029939
0.0000029939
0.0000029938
0.0000029937
0.0000029936
0.0000029935
0.0000029935
0.0000029934
0.0000029933
0.0000029932
0.0000029931
0.0000029931
0.0000029930
0.0000029929
0.0000029928
0.0000029927
0.0000029927
0.0000029926
0.0000029925
0.0000029924
0.0000029923
0.0000029923
0.0000029922
0.0000029921
0.0000029920
0.0000029919
0.0000029918
0.0000029918
0.0000029917
0.0000029916
0.0000029915
0.0000029914
0.0000029914
0.0000029913
0.0000029912
0.0000029911
0.0000029910
0.0000029910
0.0000029909
0.0000029908
0.0000029907
0.0000029906
0.0000029906
0.0000029905
0.0000029904
0.0000029903
0.0000029902
0.0000029902
0.0000029901
0.0000029900
0.0000029899
0.0000029898
0.0000029897
0.0000029897
0.0000029896
0.0000029895
0.0000029894
0.0000029893
0.0000029893
0.0000029892
0.0000029891
0.0000029890
0.0000029889
0.0000029889
0.0000029888
0.0000029887
0.0000029886
0.0000029885
0.0000029885
0.0000029884
0.0000029883
0.0000029882
0.0000029881
0.0000029881
0.0000029880
0.0000029879
0.0000029878
0.0000029877
0.0000029877
0.0000029876
0.0000029875
0.0000029874
0.0000029873
0.0000029873
0.0000029872
0.0000029871
0.0000029870
0.0000029869
0.0000029868
0.0000029868
0.0000029867
0.0000029866
0.0000029865
0.0000029864
0.0000029864
0.0000029863
0.0000029862
0.0000029861
0.0000029860
0.0000029860
0.0000029859
0.0000029858
0.0000029857
0.0000029856
0.0000029856
0.0000029855
0.0000029854
0.0000029853
0.0000029852
0.0000029852
0.0000029851
0.0000029850
0.0000029849
0.0000029848
0.0000029848
0.0000029847
0.0000029846
0.0000029845
0.0000029844
0.0000029844
0.0000029843
0.0000029842
0.0000029841
0.0000029840
0.0000029840
0.0000029839
0.0000029838
0.0000029837
0.0000029836
0.0000029835
0.0000029835
0.0000029834
0.0000029833
0.0000029832
0.0000029831
0.0000029831
0.0000029830
0.0000029829
0.0000029828
0.0000029827
0.0000029827
0.0000029826
0.0000029825
0.0000029824
0.0000029823
0.0000029823
0.0000029822
0.0000029821
0.0000029820
0.0000029819
0.0000029819
0.0000029818
0.0000029817
0.0000029816
0.0000029815
0.0000029815
0.0000029814
0.0000029813
0.0000029812
0.0000029811
0.0000029811
0.0000029810
0.0000029809
0.0000029808
0.0000029807
0.0000029807
0.0000029806
0.0000029805
0.0000029804
0.0000029803
0.0000029803
0.0000029802
0.0000029801
0.0000029800
0.0000029799
0.0000029799
0.0000029798
0.0000029797
0.0000029796
0.0000029795
0.0000029794
0.0000029794
0.0000029793
0.0000029792
0.0000029791
0.0000029790
0.0000029790
0.0000029789
0.0000029788
0.0000029787
0.0000029786
0.0000029786
0.0000029785
0.0000029784
0.0000029783
0.0000029782
0.0000029782
0.0000029781
0.0000029780
0.0000029779
0.0000029778
0.0000029778
0.0000029777
0.0000029776
0.0000029775
0.0000029774
0.0000029774
0.0000029773
0.0000029772
0.0000029771
0.0000029770
0.0000029770
0.0000029769
0.0000029768
0.0000029767
0.0000029766
0.0000029766
0.0000029765
0.0000029764
0.0000029763
0.0000029762
0.0000029762
0.0000029761
0.0000029760
0.0000029759
0.0000029758
0.0000029758
0.0000029757
0.0000029756
0.0000029755
0.0000029754
0.0000029754
0.0000029753
0.0000029752
0.0000029751
0.0000029750
0.0000029750
0.0000029749
0.0000029748
0.0000029747
0.0000029746
0.0000029746
0.0000029745
0.0000029744
0.0000029743
0.0000029742
0.0000029742
0.0000029741
0.0000029740
0.0000029739
0.0000029738
0.0000029738
0.0000029737
0.0000029736
0.0000029735
0.0000029734
0.0000029734
0.0000029733
0.0000029732
0.0000029731
0.0000029730
0.0000029730
0.0000029729
0.0000029728
0.0000029727
0.0000029726
0.0000029726
0.0000029725
0.0000029724
0.0000029723
0.0000029722
0.0000029722
0.0000029721
0.0000029720
0.0000029719
0.0000029718
0.0000029717
0.0000029717
0.0000029716
0.0000029715
0.0000029714
0.0000029713
0.0000029713
0.0000029712
0.0000029711
0.0000029710
0.0000029709
0.0000029709
0.0000029708
0.0000029707
0.0000029706
0.0000029705
0.0000029705
0.0000029704
0.0000029703
0.0000029702
0.0000029701
0.0000029701
0.0000029700
0.0000029699
0.0000029698
0.0000029697
0.0000029697
0.0000029696
0.0000029695
0.0000029694
0.0000029693
0.0000029693
0.0000029692
0.0000029691
0.0000029690
0.0000029689
0.0000029689
0.0000029688
0.0000029687
0.0000029686
0.0000029685
0.0000029685
0.0000029684
0.0000029683
0.0000029682
0.0000029681
0.0000029681
0.0000029680
0.0000029679
0.0000029678
0.0000029677
0.0000029677
0.0000029676
0.0000029675
0.0000029674
0.0000029673
0.0000029673
0.0000029672
0.0000029671
0.0000029670
0.0000029669
0.0000029669
0.0000029668
0.0000029667
0.0000029666
0.0000029665
0.0000029665
0.0000029664
0.0000029663
0.0000029662
0.0000029661
0.0000029661
0.0000029660
0.0000029659
0.0000029658
0.0000029658
0.0000029657
0.0000029656
0.0000029655
0.0000029654
0.0000029654
0.0000029653
0.0000029652
0.0000029651
0.0000029650
0.0000029650
0.0000029649
0.0000029648
0.0000029647
0.0000029646
0.0000029646
0.0000029645
0.0000029644
0.0000029643
0.0000029642
0.0000029642
0.0000029641
0.0000029640
0.0000029639
0.0000029638
0.0000029638
0.0000029637
0.0000029636
0.0000029635
0.0000029634
0.0000029634
0.0000029633
0.0000029632
0.0000029631
0.0000029630
0.0000029630
0.0000029629
0.0000029628
0.0000029627
0.0000029626
0.0000029626
0.0000029625
0.0000029624
0.0000029623
0.0000029622
0.0000029622
0.0000029621
0.0000029620
0.0000029619
0.0000029618
0.0000029618
0.0000029617
0.0000029616
0.0000029615
0.0000029614
0.0000029614
0.0000029613
0.0000029612
0.0000029611
0.0000029610
0.0000029610
0.0000029609
0.0000029608
0.0000029607
0.0000029606
0.0000029606
0.0000029605
0.0000029604
0.0000029603
0.0000029602
0.0000029602
0.0000029601
0.0000029600
0.0000029599
0.0000029598
0.0000029598
0.0000029597
0.0000029596
0.0000029595
0.0000029594
0.0000029594
0.0000029593
0.0000029592
0.0000029591
0.0000029590
0.0000029590
0.0000029589
0.0000029588
0.0000029587
0.0000029586
0.0000029586
0.0000029585
0.0000029584
0.0000029583
0.0000029583
0.0000029582
0.0000029581
0.0000029580
0.0000029579
0.0000029579
0.0000029578
0.0000029577
0.0000029576
0.0000029575
0.0000029575
0.0000029574
0.0000029573
0.0000029572
0.0000029571
0.0000029571
0.0000029570
0.0000029569
0.0000029568
0.0000029567
0.0000029567
0.0000029566
0.0000029565
0.0000029564
0.0000029563
0.0000029563
0.0000029562
0.0000029561
0.0000029560
0.0000029559
0.0000029559
0.0000029558
0.0000029557
0.0000029556
0.0000029555
0.0000029555
0.0000029554
0.0000029553
0.0000029552
0.0000029551
0.0000029551
0.0000029550
0.0000029549
0.0000029548
0.0000029547
0.0000029547
0.0000029546
0.0000029545
0.0000029544
0.0000029544
0.0000029543
0.0000029542
0.0000029541
0.0000029540
0.0000029540
0.0000029539
0.0000029538
0.0000029537
0.0000029536
0.0000029536
0.0000029535
0.0000029534
0.0000029533
0.0000029532
0.0000029532
0.0000029531
0.0000029530
0.0000029529
0.0000029528
0.0000029528
0.0000029527
0.0000029526
0.0000029525
0.0000029524
0.0000029524
0.0000029523
0.0000029522
0.0000029521
0.0000029520
0.0000029520
0.0000029519
0.0000029518
0.0000029517
0.0000029516
0.0000029516
0.0000029515
0.0000029514
0.0000029513
0.0000029513
0.0000029512
0.0000029511
0.0000029510
0.0000029509
0.0000029509
0.0000029508
0.0000029507
0.0000029506
0.0000029505
0.0000029505
0.0000029504
0.0000029503
0.0000029502
0.0000029501
0.0000029501
0.0000029500
0.0000029499
0.0000029498
0.0000029497
0.0000029497
0.0000029496
0.0000029495
0.0000029494
0.0000029493
0.0000029493
0.0000029492
0.0000029491
0.0000029490
0.0000029489
0.0000029489
0.0000029488
0.0000029487
0.0000029486
0.0000029486
0.0000029485
0.0000029484
0.0000029483
0.0000029482
0.0000029482
0.0000029481
0.0000029480
0.0000029479
0.0000029478
0.0000029478
0.0000029477
0.0000029476
0.0000029475
0.0000029474
0.0000029474
0.0000029473
0.0000029472
0.0000029471
0.0000029470
0.0000029470
0.0000029469
0.0000029468
0.0000029467
0.0000029466
0.0000029466
0.0000029465
0.0000029464
0.0000029463
0.0000029462
0.0000029462
0.0000029461
0.0000029460
0.0000029459
0.0000029459
0.0000029458
0.0000029457
0.0000029456
0.0000029455
0.0000029455
0.0000029454
0.0000029453
0.0000029452
0.0000029451
0.0000029451
0.0000029450
0.0000029449
0.0000029448
0.0000029447
0.0000029447
0.0000029446
0.0000029445
0.0000029444
0.0000029443
0.0000029443
0.0000029442
0.0000029441
0.0000029440
0.0000029440
0.0000029439
0.0000029438
0.0000029437
0.0000029436
0.0000029436
0.0000029435
0.0000029434
0.0000029433
0.0000029432
0.0000029432
0.0000029431
0.0000029430
0.0000029429
0.0000029428
0.0000029428
0.0000029427
0.0000029426
0.0000029425
0.0000029424
0.0000029424
0.0000029423
0.0000029422
0.0000029421
0.0000029421
0.0000029420
0.0000029419
0.0000029418
0.0000029417
0.0000029417
0.0000029416
0.0000029415
0.0000029414
0.0000029413
0.0000029413
0.0000029412
0.0000029411
0.0000029410
0.0000029409
0.0000029409
0.0000029408
0.0000029407
0.0000029406
0.0000029405
0.0000029405
0.0000029404
0.0000029403
0.0000029402
0.0000029402
0.0000029401
0.0000029400
0.0000029399
0.0000029398
0.0000029398
0.0000029397
0.0000029396
0.0000029395
0.0000029394
0.0000029394
0.0000029393
0.0000029392
0.0000029391
0.0000029390
0.0000029390
0.0000029389
0.0000029388
0.0000029387
0.0000029386
0.0000029386
0.0000029385
0.0000029384
0.0000029383
0.0000029383
0.0000029382
0.0000029381
0.0000029380
0.0000029379
0.0000029379
0.0000029378
0.0000029377
0.0000029376
0.0000029375
0.0000029375
0.0000029374
0.0000029373
0.0000029372
0.0000029371
0.0000029371
0.0000029370
0.0000029369
0.0000029368
0.0000029368
0.0000029367
0.0000029366
0.0000029365
0.0000029364
0.0000029364
0.0000029363
0.0000029362
0.0000029361
0.0000029360
0.0000029360
0.0000029359
0.0000029358
0.0000029357
0.0000029356
0.0000029356
0.0000029355
0.0000029354
0.0000029353
0.0000029353
0.0000029352
0.0000029351
0.0000029350
0.0000029349
0.0000029349
0.0000029348
0.0000029347
0.0000029346
0.0000029345
0.0000029345
0.0000029344
0.0000029343
0.0000029342
0.0000029341
0.0000029341
0.0000029340
0.0000029339
0.0000029338
0.0000029338
0.0000029337
0.0000029336
0.0000029335
0.0000029334
0.0000029334
0.0000029333
0.0000029332
0.0000029331
0.0000029330
0.0000029330
0.0000029329
0.0000029328
0.0000029327
0.0000029326
0.0000029326
0.0000029325
0.0000029324
0.0000029323
0.0000029323
0.0000029322
0.0000029321
0.0000029320
0.0000029319
0.0000029319
0.0000029318
0.0000029317
0.0000029316
0.0000029315
0.0000029315
0.0000029314
0.0000029313
0.0000029312
0.0000029311
0.0000029311
0.0000029310
0.0000029309
0.0000029308
0.0000029308
0.0000029307
0.0000029306
0.0000029305
0.0000029304
0.0000029304
0.0000029303
0.0000029302
0.0000029301
0.0000029300
0.0000029300
0.0000029299
0.0000029298
0.0000029297
0.0000029297
0.0000029296
0.0000029295
0.0000029294
0.0000029293
0.0000029293
0.0000029292
0.0000029291
0.0000029290
0.0000029289
0.0000029289
0.0000029288
0.0000029287
0.0000029286
0.0000029285
0.0000029285
0.0000029284
0.0000029283
0.0000029282
0.0000029282
0.0000029281
0.0000029280
0.0000029279
0.0000029278
0.0000029278
0.0000029277
0.0000029276
0.0000029275
0.0000029274
0.0000029274
0.0000029273
0.0000029272
0.0000029271
0.0000029271
0.0000029270
0.0000029269
0.0000029268
0.0000029267
0.0000029267
0.0000029266
0.0000029265
0.0000029264
0.0000029263
0.0000029263
0.0000029262
0.0000029261
0.0000029260
0.0000029260
0.0000029259
0.0000029258
0.0000029257
0.0000029256
0.0000029256
0.0000029255
0.0000029254
0.0000029253
0.0000029252
0.0000029252
0.0000029251
0.0000029250
0.0000029249
0.0000029248
0.0000029248
0.0000029247
0.0000029246
0.0000029245
0.0000029245
0.0000029244
0.0000029243
0.0000029242
0.0000029241
0.0000029241
0.0000029240
0.0000029239
0.0000029238
0.0000029237
0.0000029237
0.0000029236
0.0000029235
0.0000029234
0.0000029234
0.0000029233
0.0000029232
0.0000029231
0.0000029230
0.0000029230
0.0000029229
0.0000029228
0.0000029227
0.0000029226
0.0000029226
0.0000029225
0.0000029224
0.0000029223
0.0000029223
0.0000029222
0.0000029221
0.0000029220
0.0000029219
0.0000029219
0.0000029218
0.0000029217
0.0000029216
0.0000029215
0.0000029215
0.0000029214
0.0000029213
0.0000029212
0.0000029212
0.0000029211
0.0000029210
0.0000029209
0.0000029208
0.0000029208
0.0000029207
0.0000029206
0.0000029205
0.0000029204
0.0000029204
0.0000029203
0.0000029202
0.0000029201
0.0000029201
0.0000029200
0.0000029199
0.0000029198
0.0000029197
0.0000029197
0.0000029196
0.0000029195
0.0000029194
0.0000029194
0.0000029193
0.0000029192
0.0000029191
0.0000029190
0.0000029190
0.0000029189
0.0000029188
0.0000029187
0.0000029186
0.0000029186
0.0000029185
0.0000029184
0.0000029183
0.0000029183
0.0000029182
0.0000029181
0.0000029180
0.0000029179
0.0000029179
0.0000029178
0.0000029177
0.0000029176
0.0000029175
0.0000029175
0.0000029174
0.0000029173
0.0000029172
0.0000029172
0.0000029171
0.0000029170
0.0000029169
0.0000029168
0.0000029168
0.0000029167
0.0000029166
0.0000029165
0.0000029164
0.0000029164
0.0000029163
0.0000029162
0.0000029161
0.0000029161
0.0000029160
0.0000029159
0.0000029158
0.0000029157
0.0000029157
0.0000029156
0.0000029155
0.0000029154
0.0000029154
0.0000029153
0.0000029152
0.0000029151
0.0000029150
0.0000029150
0.0000029149
0.0000029148
0.0000029147
0.0000029146
0.0000029146
0.0000029145
0.0000029144
0.0000029143
0.0000029143
0.0000029142
0.0000029141
0.0000029140
0.0000029139
0.0000029139
0.0000029138
0.0000029137
0.0000029136
0.0000029135
0.0000029135
0.0000029134
0.0000029133
0.0000029132
0.0000029132
0.0000029131
0.0000029130
0.0000029129
0.0000029128
0.0000029128
0.0000029127
0.0000029126
0.0000029125
0.0000029125
0.0000029124
0.0000029123
0.0000029122
0.0000029121
0.0000029121
0.0000029120
0.0000029119
0.0000029118
0.0000029117
0.0000029117
0.0000029116
0.0000029115
0.0000029114
0.0000029114
0.0000029113
0.0000029112
0.0000029111
0.0000029110
0.0000029110
0.0000029109
0.0000029108
0.0000029107
0.0000029107
0.0000029106
0.0000029105
0.0000029104
0.0000029103
0.0000029103
0.0000029102
0.0000029101
0.0000029100
0.0000029100
0.0000029099
0.0000029098
0.0000029097
0.0000029096
0.0000029096
0.0000029095
0.0000029094
0.0000029093
0.0000029092
0.0000029092
0.0000029091
0.0000029090
0.0000029089
0.0000029089
0.0000029088
0.0000029087
0.0000029086
0.0000029085
0.0000029085
0.0000029084
0.0000029083
0.0000029082
0.0000029082
0.0000029081
0.0000029080
0.0000029079
0.0000029078
0.0000029078
0.0000029077
0.0000029076
0.0000029075
0.0000029075
0.0000029074
0.0000029073
0.0000029072
0.0000029071
0.0000029071
0.0000029070
0.0000029069
0.0000029068
0.0000029067
0.0000029067
0.0000029066
0.0000029065
0.0000029064
0.0000029064
0.0000029063
0.0000029062
0.0000029061
0.0000029060
0.0000029060
0.0000029059
0.0000029058
0.0000029057
0.0000029057
0.0000029056
0.0000029055
0.0000029054
0.0000029053
0.0000029053
0.0000029052
0.0000029051
0.0000029050
0.0000029050
0.0000029049
0.0000029048
0.0000029047
0.0000029046
0.0000029046
0.0000029045
0.0000029044
0.0000029043
0.0000029042
0.0000029042
0.0000029041
0.0000029040
0.0000029039
0.0000029039
0.0000029038
0.0000029037
0.0000029036
0.0000029035
0.0000029035
0.0000029034
0.0000029033
0.0000029032
0.0000029032
0.0000029031
0.0000029030
0.0000029029
0.0000029028
0.0000029028
0.0000029027
0.0000029026
0.0000029025
0.0000029025
0.0000029024
0.0000029023
0.0000029022
0.0000029021
0.0000029021
0.0000029020
0.0000029019
0.0000029018
0.0000029018
0.0000029017
0.0000029016
0.0000029015
0.0000029014
0.0000029014
0.0000029013
0.0000029012
0.0000029011
0.0000029011
0.0000029010
0.0000029009
0.0000029008
0.0000029007
0.0000029007
0.0000029006
0.0000029005
0.0000029004
0.0000029004
0.0000029003
0.0000029002
0.0000029001
0.0000029000
0.0000029000
0.0000028999
0.0000028998
0.0000028997
0.0000028997
0.0000028996
0.0000028995
0.0000028994
0.0000028993
0.0000028993
0.0000028992
0.0000028991
0.0000028990
0.0000028990
0.0000028989
0.0000028988
0.0000028987
0.0000028986
0.0000028986
0.0000028985
0.0000028984
0.0000028983
0.0000028982
0.0000028982
0.0000028981
0.0000028980
0.0000028979
0.0000028979
0.0000028978
0.0000028977
0.0000028976
0.0000028975
0.0000028975
0.0000028974
0.0000028973
0.0000028972
0.0000028972
0.0000028971
0.0000028970
0.0000028969
0.0000028968
0.0000028968
0.0000028967
0.0000028966
0.0000028965
0.0000028965
0.0000028964
0.0000028963
0.0000028962
0.0000028961
0.0000028961
0.0000028960
0.0000028959
0.0000028958
0.0000028958
0.0000028957
0.0000028956
0.0000028955
0.0000028954
0.0000028954
0.0000028953
0.0000028952
0.0000028951
0.0000028951
0.0000028950
0.0000028949
0.0000028948
0.0000028947
0.0000028947
0.0000028946
0.0000028945
0.0000028944
0.0000028944
0.0000028943
0.0000028942
0.0000028941
0.0000028941
0.0000028940
0.0000028939
0.0000028938
0.0000028937
0.0000028937
0.0000028936
0.0000028935
0.0000028934
0.0000028934
0.0000028933
0.0000028932
0.0000028931
0.0000028930
0.0000028930
0.0000028929
0.0000028928
0.0000028927
0.0000028927
0.0000028926
0.0000028925
0.0000028924
0.0000028923
0.0000028923
0.0000028922
0.0000028921
0.0000028920
0.0000028920
0.0000028919
0.0000028918
0.0000028917
0.0000028916
0.0000028916
0.0000028915
0.0000028914
0.0000028913
0.0000028913
0.0000028912
0.0000028911
0.0000028910
0.0000028909
0.0000028909
0.0000028908
0.0000028907
0.0000028906
0.0000028906
0.0000028905
0.0000028904
0.0000028903
0.0000028902
0.0000028902
0.0000028901
0.0000028900
0.0000028899
0.0000028899
0.0000028898
0.0000028897
0.0000028896
0.0000028895
0.0000028895
0.0000028894
0.0000028893
0.0000028892
0.0000028892
0.0000028891
0.0000028890
0.0000028889
0.0000028888
0.0000028888
0.0000028887
0.0000028886
0.0000028885
0.0000028885
0.0000028884
0.0000028883
0.0000028882
0.0000028882
0.0000028881
0.0000028880
0.0000028879
0.0000028878
0.0000028878
0.0000028877
0.0000028876
0.0000028875
0.0000028875
0.0000028874
0.0000028873
0.0000028872
0.0000028871
0.0000028871
0.0000028870
0.0000028869
0.0000028868
0.0000028868
0.0000028867
0.0000028866
0.0000028865
0.0000028864
0.0000028864
0.0000028863
0.0000028862
0.0000028861
0.0000028861
0.0000028860
0.0000028859
0.0000028858
0.0000028857
0.0000028857
0.0000028856
0.0000028855
0.0000028854
0.0000028854
0.0000028853
0.0000028852
0.0000028851
0.0000028851
0.0000028850
0.0000028849
0.0000028848
0.0000028847
0.0000028847
0.0000028846
0.0000028845
0.0000028844
0.0000028844
0.0000028843
0.0000028842
0.0000028841
0.0000028840
0.0000028840
0.0000028839
0.0000028838
0.0000028837
0.0000028837
0.0000028836
0.0000028835
0.0000028834
0.0000028834
0.0000028833
0.0000028832
0.0000028831
0.0000028830
0.0000028830
0.0000028829
0.0000028828
0.0000028827
0.0000028827
0.0000028826
0.0000028825
0.0000028824
0.0000028823
0.0000028823
0.0000028822
0.0000028821
0.0000028820
0.0000028820
0.0000028819
0.0000028818
0.0000028817
0.0000028816
0.0000028816
0.0000028815
0.0000028814
0.0000028813
0.0000028813
0.0000028812
0.0000028811
0.0000028810
0.0000028810
0.0000028809
0.0000028808
0.0000028807
0.0000028806
0.0000028806
0.0000028805
0.0000028804
0.0000028803
0.0000028803
0.0000028802
0.0000028801
0.0000028800
0.0000028799
0.0000028799
0.0000028798
0.0000028797
0.0000028796
0.0000028796
0.0000028795
0.0000028794
0.0000028793
0.0000028793
0.0000028792
0.0000028791
0.0000028790
0.0000028789
0.0000028789
0.0000028788
0.0000028787
0.0000028786
0.0000028786
0.0000028785
0.0000028784
0.0000028783
0.0000028782
0.0000028782
0.0000028781
0.0000028780
0.0000028779
0.0000028779
0.0000028778
0.0000028777
0.0000028776
0.0000028776
0.0000028775
0.0000028774
0.0000028773
0.0000028772
0.0000028772
0.0000028771
0.0000028770
0.0000028769
0.0000028769
0.0000028768
0.0000028767
0.0000028766
0.0000028766
0.0000028765
0.0000028764
0.0000028763
0.0000028762
0.0000028762
0.0000028761
0.0000028760
0.0000028759
0.0000028759
0.0000028758
0.0000028757
0.0000028756
0.0000028755
0.0000028755
0.0000028754
0.0000028753
0.0000028752
0.0000028752
0.0000028751
0.0000028750
0.0000028749
0.0000028749
0.0000028748
0.0000028747
0.0000028746
0.0000028745
0.0000028745
0.0000028744
0.0000028743
0.0000028742
0.0000028742
0.0000028741
0.0000028740
0.0000028739
0.0000028739
0.0000028738
0.0000028737
0.0000028736
0.0000028735
0.0000028735
0.0000028734
0.0000028733
0.0000028732
0.0000028732
0.0000028731
0.0000028730
0.0000028729
0.0000028728
0.0000028728
0.0000028727
0.0000028726
0.0000028725
0.0000028725
0.0000028724
0.0000028723
0.0000028722
0.0000028722
0.0000028721
0.0000028720
0.0000028719
0.0000028718
0.0000028718
0.0000028717
0.0000028716
0.0000028715
0.0000028715
0.0000028714
0.0000028713
0.0000028712
0.0000028712
0.0000028711
0.0000028710
0.0000028709
0.0000028708
0.0000028708
0.0000028707
0.0000028706
0.0000028705
0.0000028705
0.0000028704
0.0000028703
0.0000028702
0.0000028702
0.0000028701
0.0000028700
0.0000028699
0.0000028698
0.0000028698
0.0000028697
0.0000028696
0.0000028695
0.0000028695
0.0000028694
0.0000028693
0.0000028692
0.0000028692
0.0000028691
0.0000028690
0.0000028689
0.0000028688
0.0000028688
0.0000028687
0.0000028686
0.0000028685
0.0000028685
0.0000028684
0.0000028683
0.0000028682
0.0000028682
0.0000028681
0.0000028680
0.0000028679
0.0000028678
0.0000028678
0.0000028677
0.0000028676
0.0000028675
0.0000028675
0.0000028674
0.0000028673
0.0000028672
0.0000028672
0.0000028671
0.0000028670
0.0000028669
0.0000028668
0.0000028668
0.0000028667
0.0000028666
0.0000028665
0.0000028665
0.0000028664
0.0000028663
0.0000028662
0.0000028662
0.0000028661
0.0000028660
0.0000028659
0.0000028658
0.0000028658
0.0000028657
0.0000028656
0.0000028655
0.0000028655
0.0000028654
0.0000028653
0.0000028652
0.0000028652
0.0000028651
0.0000028650
0.0000028649
0.0000028648
0.0000028648
0.0000028647
0.0000028646
0.0000028645
0.0000028645
0.0000028644
0.0000028643
0.0000028642
0.0000028642
0.0000028641
0.0000028640
0.0000028639
0.0000028638
0.0000028638
0.0000028637
0.0000028636
0.0000028635
0.0000028635
0.0000028634
0.0000028633
0.0000028632
0.0000028632
0.0000028631
0.0000028630
0.0000028629
0.0000028629
0.0000028628
0.0000028627
0.0000028626
0.0000028625
0.0000028625
0.0000028624
0.0000028623
0.0000028622
0.0000028622
0.0000028621
0.0000028620
0.0000028619
0.0000028619
0.0000028618
0.0000028617
0.0000028616
0.0000028615
0.0000028615
0.0000028614
0.0000028613
0.0000028612
0.0000028612
0.0000028611
0.0000028610
0.0000028609
0.0000028609
0.0000028608
0.0000028607
0.0000028606
0.0000028605
0.0000028605
0.0000028604
0.0000028603
0.0000028602
0.0000028602
0.0000028601
0.0000028600
0.0000028599
0.0000028599
0.0000028598
0.0000028597
0.0000028596
0.0000028596
0.0000028595
0.0000028594
0.0000028593
0.0000028592
0.0000028592
0.0000028591
0.0000028590
0.0000028589
0.0000028589
0.0000028588
0.0000028587
0.0000028586
0.0000028586
0.0000028585
0.0000028584
0.0000028583
0.0000028582
0.0000028582
0.0000028581
0.0000028580
0.0000028579
0.0000028579
0.0000028578
0.0000028577
0.0000028576
0.0000028576
0.0000028575
0.0000028574
0.0000028573
0.0000028573
0.0000028572
0.0000028571
0.0000028570
0.0000028569
0.0000028569
0.0000028568
0.0000028567
0.0000028566
0.0000028566
0.0000028565
0.0000028564
0.0000028563
0.0000028563
0.0000028562
0.0000028561
0.0000028560
0.0000028560
0.0000028559
0.0000028558
0.0000028557
0.0000028556
0.0000028556
0.0000028555
0.0000028554
0.0000028553
0.0000028553
0.0000028552
0.0000028551
0.0000028550
0.0000028550
0.0000028549
0.0000028548
0.0000028547
0.0000028547
0.0000028546
0.0000028545
0.0000028544
0.0000028543
0.0000028543
0.0000028542
0.0000028541
0.0000028540
0.0000028540
0.0000028539
0.0000028538
0.0000028537
0.0000028537
0.0000028536
0.0000028535
0.0000028534
0.0000028534
0.0000028533
0.0000028532
0.0000028531
0.0000028530
0.0000028530
0.0000028529
0.0000028528
0.0000028527
0.0000028527
0.0000028526
0.0000028525
0.0000028524
0.0000028524
0.0000028523
0.0000028522
0.0000028521
0.0000028521
0.0000028520
0.0000028519
0.0000028518
0.0000028517
0.0000028517
0.0000028516
0.0000028515
0.0000028514
0.0000028514
0.0000028513
0.0000028512
0.0000028511
0.0000028511
0.0000028510
0.0000028509
0.0000028508
0.0000028508
0.0000028507
0.0000028506
0.0000028505
0.0000028504
0.0000028504
0.0000028503
0.0000028502
0.0000028501
0.0000028501
0.0000028500
0.0000028499
0.0000028498
0.0000028498
0.0000028497
0.0000028496
0.0000028495
0.0000028495
0.0000028494
0.0000028493
0.0000028492
0.0000028491
0.0000028491
0.0000028490
0.0000028489
0.0000028488
0.0000028488
0.0000028487
0.0000028486
0.0000028485
0.0000028485
0.0000028484
0.0000028483
0.0000028482
0.0000028482
0.0000028481
0.0000028480
0.0000028479
0.0000028479
0.0000028478
0.0000028477
0.0000028476
0.0000028475
0.0000028475
0.0000028474
0.0000028473
0.0000028472
0.0000028472
0.0000028471
0.0000028470
0.0000028469
0.0000028469
0.0000028468
0.0000028467
0.0000028466
0.0000028466
0.0000028465
0.0000028464
0.0000028463
0.0000028462
0.0000028462
0.0000028461
0.0000028460
0.0000028459
0.0000028459
0.0000028458
0.0000028457
0.0000028456
0.0000028456
0.0000028455
0.0000028454
0.0000028453
0.0000028453
0.0000028452
0.0000028451
0.0000028450
0.0000028450
0.0000028449
0.0000028448
0.0000028447
0.0000028446
0.0000028446
0.0000028445
0.0000028444
0.0000028443
0.0000028443
0.0000028442
0.0000028441
0.0000028440
0.0000028440
0.0000028439
0.0000028438
0.0000028437
0.0000028437
0.0000028436
0.0000028435
0.0000028434
0.0000028434
0.0000028433
0.0000028432
0.0000028431
0.0000028430
0.0000028430
0.0000028429
0.0000028428
0.0000028427
0.0000028427
0.0000028426
0.0000028425
0.0000028424
0.0000028424
0.0000028423
0.0000028422
0.0000028421
0.0000028421
0.0000028420
0.0000028419
0.0000028418
0.0000028418
0.0000028417
0.0000028416
0.0000028415
0.0000028414
0.0000028414
0.0000028413
0.0000028412
0.0000028411
0.0000028411
0.0000028410
0.0000028409
0.0000028408
0.0000028408
0.0000028407
0.0000028406
0.0000028405
0.0000028405
0.0000028404
0.0000028403
0.0000028402
0.0000028402
0.0000028401
0.0000028400
0.0000028399
0.0000028399
0.0000028398
0.0000028397
0.0000028396
0.0000028395
0.0000028395
0.0000028394
0.0000028393
0.0000028392
0.0000028392
0.0000028391
0.0000028390
0.0000028389
0.0000028389
0.0000028388
0.0000028387
0.0000028386
0.0000028386
0.0000028385
0.0000028384
0.0000028383
0.0000028383
0.0000028382
0.0000028381
0.0000028380
0.0000028380
0.0000028379
0.0000028378
0.0000028377
0.0000028376
0.0000028376
0.0000028375
0.0000028374
0.0000028373
0.0000028373
0.0000028372
0.0000028371
0.0000028370
0.0000028370
0.0000028369
0.0000028368
0.0000028367
0.0000028367
0.0000028366
0.0000028365
0.0000028364
0.0000028364
0.0000028363
0.0000028362
0.0000028361
0.0000028361
0.0000028360
0.0000028359
0.0000028358
0.0000028357
0.0000028357
0.0000028356
0.0000028355
0.0000028354
0.0000028354
0.0000028353
0.0000028352
0.0000028351
0.0000028351
0.0000028350
0.0000028349
0.0000028348
0.0000028348
0.0000028347
0.0000028346
0.0000028345
0.0000028345
0.0000028344
0.0000028343
0.0000028342
0.0000028342
0.0000028341
0.0000028340
0.0000028339
0.0000028339
0.0000028338
0.0000028337
0.0000028336
0.0000028335
0.0000028335
0.0000028334
0.0000028333
0.0000028332
0.0000028332
0.0000028331
0.0000028330
0.0000028329
0.0000028329
0.0000028328
0.0000028327
0.0000028326
0.0000028326
0.0000028325
0.0000028324
0.0000028323
0.0000028323
0.0000028322
0.0000028321
0.0000028320
0.0000028320
0.0000028319
0.0000028318
0.0000028317
0.0000028317
0.0000028316
0.0000028315
0.0000028314
0.0000028313
0.0000028313
0.0000028312
0.0000028311
0.0000028310
0.0000028310
0.0000028309
0.0000028308
0.0000028307
0.0000028307
0.0000028306
0.0000028305
0.0000028304
0.0000028304
0.0000028303
0.0000028302
0.0000028301
0.0000028301
0.0000028300
0.0000028299
0.0000028298
0.0000028298
0.0000028297
0.0000028296
0.0000028295
0.0000028295
0.0000028294
0.0000028293
0.0000028292
0.0000028292
0.0000028291
0.0000028290
0.0000028289
0.0000028288
0.0000028288
0.0000028287
0.0000028286
0.0000028285
0.0000028285
0.0000028284
0.0000028283
0.0000028282
0.0000028282
0.0000028281
0.0000028280
0.0000028279
0.0000028279
0.0000028278
0.0000028277
0.0000028276
0.0000028276
0.0000028275
0.0000028274
0.0000028273
0.0000028273
0.0000028272
0.0000028271
0.0000028270
0.0000028270
0.0000028269
0.0000028268
0.0000028267
0.0000028267
0.0000028266
0.0000028265
0.0000028264
0.0000028263
0.0000028263
0.0000028262
0.0000028261
0.0000028260
0.0000028260
0.0000028259
0.0000028258
0.0000028257
0.0000028257
0.0000028256
0.0000028255
0.0000028254
0.0000028254
0.0000028253
0.0000028252
0.0000028251
0.0000028251
0.0000028250
0.0000028249
0.0000028248
0.0000028248
0.0000028247
0.0000028246
0.0000028245
0.0000028245
0.0000028244
0.0000028243
0.0000028242
0.0000028242
0.0000028241
0.0000028240
0.0000028239
0.0000028239
0.0000028238
0.0000028237
0.0000028236
0.0000028236
0.0000028235
0.0000028234
0.0000028233
0.0000028232
0.0000028232
0.0000028231
0.0000028230
0.0000028229
0.0000028229
0.0000028228
0.0000028227
0.0000028226
0.0000028226
0.0000028225
0.0000028224
0.0000028223
0.0000028223
0.0000028222
0.0000028221
0.0000028220
0.0000028220
0.0000028219
0.0000028218
0.0000028217
0.0000028217
0.0000028216
0.0000028215
0.0000028214
0.0000028214
0.0000028213
0.0000028212
0.0000028211
0.0000028211
0.0000028210
0.0000028209
0.0000028208
0.0000028208
0.0000028207
0.0000028206
0.0000028205
0.0000028205
0.0000028204
0.0000028203
0.0000028202
0.0000028202
0.0000028201
0.0000028200
0.0000028199
0.0000028199
0.0000028198
0.0000028197
0.0000028196
0.0000028195
0.0000028195
0.0000028194
0.0000028193
0.0000028192
0.0000028192
0.0000028191
0.0000028190
0.0000028189
0.0000028189
0.0000028188
0.0000028187
0.0000028186
0.0000028186
0.0000028185
0.0000028184
0.0000028183
0.0000028183
0.0000028182
0.0000028181
0.0000028180
0.0000028180
0.0000028179
0.0000028178
0.0000028177
0.0000028177
0.0000028176
0.0000028175
0.0000028174
0.0000028174
0.0000028173
0.0000028172
0.0000028171
0.0000028171
0.0000028170
0.0000028169
0.0000028168
0.0000028168
0.0000028167
0.0000028166
0.0000028165
0.0000028165
0.0000028164
0.0000028163
0.0000028162
0.0000028162
0.0000028161
0.0000028160
0.0000028159
0.0000028159
0.0000028158
0.0000028157
0.0000028156
0.0000028156
0.0000028155
0.0000028154
0.0000028153
0.0000028153
0.0000028152
0.0000028151
0.0000028150
0.0000028150
0.0000028149
0.0000028148
0.0000028147
0.0000028147
0.0000028146
0.0000028145
0.0000028144
0.0000028143
0.0000028143
0.0000028142
0.0000028141
0.0000028140
0.0000028140
0.0000028139
0.0000028138
0.0000028137
0.0000028137
0.0000028136
0.0000028135
0.0000028134
0.0000028134
0.0000028133
0.0000028132
0.0000028131
0.0000028131
0.0000028130
0.0000028129
0.0000028128
0.0000028128
0.0000028127
0.0000028126
0.0000028125
0.0000028125
0.0000028124
0.0000028123
0.0000028122
0.0000028122
0.0000028121
0.0000028120
0.0000028119
0.0000028119
0.0000028118
0.0000028117
0.0000028116
0.0000028116
0.0000028115
0.0000028114
0.0000028113
0.0000028113
0.0000028112
0.0000028111
0.0000028110
0.0000028110
0.0000028109
0.0000028108
0.0000028107
0.0000028107
0.0000028106
0.0000028105
0.0000028104
0.0000028104
0.0000028103
0.0000028102
0.0000028101
0.0000028101
0.0000028100
0.0000028099
0.0000028098
0.0000028098
0.0000028097
0.0000028096
0.0000028095
0.0000028095
0.0000028094
0.0000028093
0.0000028092
0.0000028092
0.0000028091
0.0000028090
0.0000028089
0.0000028089
0.0000028088
0.0000028087
0.0000028086
0.0000028086
0.0000028085
0.0000028084
0.0000028083
0.0000028083
0.0000028082
0.0000028081
0.0000028080
0.0000028080
0.0000028079
0.0000028078
0.0000028077
0.0000028077
0.0000028076
0.0000028075
0.0000028074
0.0000028074
0.0000028073
0.0000028072
0.0000028071
0.0000028071
0.0000028070
0.0000028069
0.0000028068
0.0000028068
0.0000028067
0.0000028066
0.0000028065
0.0000028065
0.0000028064
0.0000028063
0.0000028062
0.0000028062
0.0000028061
0.0000028060
0.0000028059
0.0000028059
0.0000028058
0.0000028057
0.0000028056
0.0000028056
0.0000028055
0.0000028054
0.0000028053
0.0000028053
0.0000028052
0.0000028051
0.0000028050
0.0000028050
0.0000028049
0.0000028048
0.0000028047
0.0000028047
0.0000028046
0.0000028045
0.0000028044
0.0000028044
0.0000028043
0.0000028042
0.0000028041
0.0000028041
0.0000028040
0.0000028039
0.0000028038
0.0000028038
0.0000028037
0.0000028036
0.0000028035
0.0000028035
0.0000028034
0.0000028033
0.0000028032
0.0000028032
0.0000028031
0.0000028030
0.0000028029
0.0000028029
0.0000028028
0.0000028027
0.0000028026
0.0000028026
0.0000028025
0.0000028024
0.0000028023
0.0000028023
0.0000028022
0.0000028021
0.0000028020
0.0000028020
0.0000028019
0.0000028018
0.0000028017
0.0000028017
0.0000028016
0.0000028015
0.0000028014
0.0000028014
0.0000028013
0.0000028012
0.0000028011
0.0000028011
0.0000028010
0.0000028009
0.0000028008
0.0000028008
0.0000028007
0.0000028006
0.0000028005
0.0000028005
0.0000028004
0.0000028003
0.0000028002
0.0000028002
0.0000028001
0.0000028000
0.0000027999
0.0000027999
0.0000027998
0.0000027997
0.0000027996
0.0000027996
0.0000027995
0.0000027994
0.0000027993
0.0000027993
0.0000027992
0.0000027991
0.0000027990
0.0000027990
0.0000027989
0.0000027988
0.0000027987
0.0000027987
0.0000027986
0.0000027985
0.0000027984
0.0000027984
0.0000027983
0.0000027982
0.0000027981
0.0000027981
0.0000027980
0.0000027979
0.0000027978
0.0000027978
0.0000027977
0.0000027976
0.0000027975
0.0000027975
0.0000027974
0.0000027973
0.0000027972
0.0000027972
0.0000027971
0.0000027970
0.0000027969
0.0000027969
0.0000027968
0.0000027967
0.0000027966
0.0000027966
0.0000027965
0.0000027964
0.0000027963
0.0000027963
0.0000027962
0.0000027961
0.0000027960
0.0000027960
0.0000027959
0.0000027958
0.0000027957
0.0000027957
0.0000027956
0.0000027955
0.0000027954
0.0000027954
0.0000027953
0.0000027952
0.0000027951
0.0000027951
0.0000027950
0.0000027949
0.0000027948
0.0000027948
0.0000027947
0.0000027946
0.0000027945
0.0000027945
0.0000027944
0.0000027943
0.0000027943
0.0000027942
0.0000027941
0.0000027940
0.0000027940
0.0000027939
0.0000027938
0.0000027937
0.0000027937
0.0000027936
0.0000027935
0.0000027934
0.0000027934
0.0000027933
0.0000027932
0.0000027931
0.0000027931
0.0000027930
0.0000027929
0.0000027928
0.0000027928
0.0000027927
0.0000027926
0.0000027925
0.0000027925
0.0000027924
0.0000027923
0.0000027922
0.0000027922
0.0000027921
0.0000027920
0.0000027919
0.0000027919
0.0000027918
0.0000027917
0.0000027916
0.0000027916
0.0000027915
0.0000027914
0.0000027913
0.0000027913
0.0000027912
0.0000027911
0.0000027910
0.0000027910
0.0000027909
0.0000027908
0.0000027907
0.0000027907
0.0000027906
0.0000027905
0.0000027904
0.0000027904
0.0000027903
0.0000027902
0.0000027901
0.0000027901
0.0000027900
0.0000027899
0.0000027898
0.0000027898
0.0000027897
0.0000027896
0.0000027895
0.0000027895
0.0000027894
0.0000027893
0.0000027893
0.0000027892
0.0000027891
0.0000027890
0.0000027890
0.0000027889
0.0000027888
0.0000027887
0.0000027887
0.0000027886
0.0000027885
0.0000027884
0.0000027884
0.0000027883
0.0000027882
0.0000027881
0.0000027881
0.0000027880
0.0000027879
0.0000027878
0.0000027878
0.0000027877
0.0000027876
0.0000027875
0.0000027875
0.0000027874
0.0000027873
0.0000027872
0.0000027872
0.0000027871
0.0000027870
0.0000027869
0.0000027869
0.0000027868
0.0000027867
0.0000027866
0.0000027866
0.0000027865
0.0000027864
0.0000027863
0.0000027863
0.0000027862
0.0000027861
0.0000027860
0.0000027860
0.0000027859
0.0000027858
0.0000027858
0.0000027857
0.0000027856
0.0000027855
0.0000027855
0.0000027854
0.0000027853
0.0000027852
0.0000027852
0.0000027851
0.0000027850
0.0000027849
0.0000027849
0.0000027848
0.0000027847
0.0000027846
0.0000027846
0.0000027845
0.0000027844
0.0000027843
0.0000027843
0.0000027842
0.0000027841
0.0000027840
0.0000027840
0.0000027839
0.0000027838
0.0000027837
0.0000027837
0.0000027836
0.0000027835
0.0000027834
0.0000027834
0.0000027833
0.0000027832
0.0000027831
0.0000027831
0.0000027830
0.0000027829
0.0000027828
0.0000027828
0.0000027827
0.0000027826
0.0000027826
0.0000027825
0.0000027824
0.0000027823
0.0000027823
0.0000027822
0.0000027821
0.0000027820
0.0000027820
0.0000027819
0.0000027818
0.0000027817
0.0000027817
0.0000027816
0.0000027815
0.0000027814
0.0000027814
0.0000027813
0.0000027812
0.0000027811
0.0000027811
0.0000027810
0.0000027809
0.0000027808
0.0000027808
0.0000027807
0.0000027806
0.0000027805
0.0000027805
0.0000027804
0.0000027803
0.0000027802
0.0000027802
0.0000027801
0.0000027800
0.0000027800
0.0000027799
0.0000027798
0.0000027797
0.0000027797
0.0000027796
0.0000027795
0.0000027794
0.0000027794
0.0000027793
0.0000027792
0.0000027791
0.0000027791
0.0000027790
0.0000027789
0.0000027788
0.0000027788
0.0000027787
0.0000027786
0.0000027785
0.0000027785
0.0000027784
0.0000027783
0.0000027782
0.0000027782
0.0000027781
0.0000027780
0.0000027779
0.0000027779
0.0000027778
0.0000027777
0.0000027776
0.0000027776
0.0000027775
0.0000027774
0.0000027774
0.0000027773
0.0000027772
0.0000027771
0.0000027771
0.0000027770
0.0000027769
0.0000027768
0.0000027768
0.0000027767
0.0000027766
0.0000027765
0.0000027765
0.0000027764
0.0000027763
0.0000027762
0.0000027762
0.0000027761
0.0000027760
0.0000027759
0.0000027759
0.0000027758
0.0000027757
0.0000027756
0.0000027756
0.0000027755
0.0000027754
0.0000027754
0.0000027753
0.0000027752
0.0000027751
0.0000027751
0.0000027750
0.0000027749
0.0000027748
0.0000027748
0.0000027747
0.0000027746
0.0000027745
0.0000027745
0.0000027744
0.0000027743
0.0000027742
0.0000027742
0.0000027741
0.0000027740
0.0000027739
0.0000027739
0.0000027738
0.0000027737
0.0000027736
0.0000027736
0.0000027735
0.0000027734
0.0000027734
0.0000027733
0.0000027732
0.0000027731
0.0000027731
0.0000027730
0.0000027729
0.0000027728
0.0000027728
0.0000027727
0.0000027726
0.0000027725
0.0000027725
0.0000027724
0.0000027723
0.0000027722
0.0000027722
0.0000027721
0.0000027720
0.0000027719
0.0000027719
0.0000027718
0.0000027717
0.0000027716
0.0000027716
0.0000027715
0.0000027714
0.0000027714
0.0000027713
0.0000027712
0.0000027711
0.0000027711
0.0000027710
0.0000027709
0.0000027708
0.0000027708
0.0000027707
0.0000027706
0.0000027705
0.0000027705
0.0000027704
0.0000027703
0.0000027702
0.0000027702
0.0000027701
0.0000027700
0.0000027699
0.0000027699
0.0000027698
0.0000027697
0.0000027696
0.0000027696
0.0000027695
0.0000027694
0.0000027694
0.0000027693
0.0000027692
0.0000027691
0.0000027691
0.0000027690
0.0000027689
0.0000027688
0.0000027688
0.0000027687
0.0000027686
0.0000027685
0.0000027685
0.0000027684
0.0000027683
0.0000027682
0.0000027682
0.0000027681
0.0000027680
0.0000027679
0.0000027679
0.0000027678
0.0000027677
0.0000027677
0.0000027676
0.0000027675
0.0000027674
0.0000027674
0.0000027673
0.0000027672
0.0000027671
0.0000027671
0.0000027670
0.0000027669
0.0000027668
0.0000027668
0.0000027667
0.0000027666
0.0000027665
0.0000027665
0.0000027664
0.0000027663
0.0000027662
0.0000027662
0.0000027661
0.0000027660
0.0000027660
0.0000027659
0.0000027658
0.0000027657
0.0000027657
0.0000027656
0.0000027655
0.0000027654
0.0000027654
0.0000027653
0.0000027652
0.0000027651
0.0000027651
0.0000027650
0.0000027649
0.0000027648
0.0000027648
0.0000027647
0.0000027646
0.0000027646
0.0000027645
0.0000027644
0.0000027643
0.0000027643
0.0000027642
0.0000027641
0.0000027640
0.0000027640
0.0000027639
0.0000027638
0.0000027637
0.0000027637
0.0000027636
0.0000027635
0.0000027634
0.0000027634
0.0000027633
0.0000027632
0.0000027631
0.0000027631
0.0000027630
0.0000027629
0.0000027629
0.0000027628
0.0000027627
0.0000027626
0.0000027626
0.0000027625
0.0000027624
0.0000027623
0.0000027623
0.0000027622
0.0000027621
0.0000027620
0.0000027620
0.0000027619
0.0000027618
0.0000027617
0.0000027617
0.0000027616
0.0000027615
0.0000027615
0.0000027614
0.0000027613
0.0000027612
0.0000027612
0.0000027611
0.0000027610
0.0000027609
0.0000027609
0.0000027608
0.0000027607
0.0000027606
0.0000027606
0.0000027605
0.0000027604
0.0000027603
0.0000027603
0.0000027602
0.0000027601
0.0000027601
0.0000027600
0.0000027599
0.0000027598
0.0000027598
0.0000027597
0.0000027596
0.0000027595
0.0000027595
0.0000027594
0.0000027593
0.0000027592
0.0000027592
0.0000027591
0.0000027590
0.0000027589
0.0000027589
0.0000027588
0.0000027587
0.0000027587
0.0000027586
0.0000027585
0.0000027584
0.0000027584
0.0000027583
0.0000027582
0.0000027581
0.0000027581
0.0000027580
0.0000027579
0.0000027578
0.0000027578
0.0000027577
0.0000027576
0.0000027575
0.0000027575
0.0000027574
0.0000027573
0.0000027573
0.0000027572
0.0000027571
0.0000027570
0.0000027570
0.0000027569
0.0000027568
0.0000027567
0.0000027567
0.0000027566
0.0000027565
0.0000027564
0.0000027564
0.0000027563
0.0000027562
0.0000027562
0.0000027561
0.0000027560
0.0000027559
0.0000027559
0.0000027558
0.0000027557
0.0000027556
0.0000027556
0.0000027555
0.0000027554
0.0000027553
0.0000027553
0.0000027552
0.0000027551
0.0000027550
0.0000027550
0.0000027549
0.0000027548
0.0000027548
0.0000027547
0.0000027546
0.0000027545
0.0000027545
0.0000027544
0.0000027543
0.0000027542
0.0000027542
0.0000027541
0.0000027540
0.0000027539
0.0000027539
0.0000027538
0.0000027537
0.0000027537
0.0000027536
0.0000027535
0.0000027534
0.0000027534
0.0000027533
0.0000027532
0.0000027531
0.0000027531
0.0000027530
0.0000027529
0.0000027528
0.0000027528
0.0000027527
0.0000027526
0.0000027526
0.0000027525
0.0000027524
0.0000027523
0.0000027523
0.0000027522
0.0000027521
0.0000027520
0.0000027520
0.0000027519
0.0000027518
0.0000027517
0.0000027517
0.0000027516
0.0000027515
0.0000027514
0.0000027514
0.0000027513
0.0000027512
0.0000027512
0.0000027511
0.0000027510
0.0000027509
0.0000027509
0.0000027508
0.0000027507
0.0000027506
0.0000027506
0.0000027505
0.0000027504
0.0000027503
0.0000027503
0.0000027502
0.0000027501
0.0000027501
0.0000027500
0.0000027499
0.0000027498
0.0000027498
0.0000027497
0.0000027496
0.0000027495
0.0000027495
0.0000027494
0.0000027493
0.0000027492
0.0000027492
0.0000027491
0.0000027490
0.0000027490
0.0000027489
0.0000027488
0.0000027487
0.0000027487
0.0000027486
0.0000027485
0.0000027484
0.0000027484
0.0000027483
0.0000027482
0.0000027481
0.0000027481
0.0000027480
0.0000027479
0.0000027479
0.0000027478
0.0000027477
0.0000027476
0.0000027476
0.0000027475
0.0000027474
0.0000027473
0.0000027473
0.0000027472
0.0000027471
0.0000027470
0.0000027470
0.0000027469
0.0000027468
0.0000027468
0.0000027467
0.0000027466
0.0000027465
0.0000027465
0.0000027464
0.0000027463
0.0000027462
0.0000027462
0.0000027461
0.0000027460
0.0000027459
0.0000027459
0.0000027458
0.0000027457
0.0000027457
0.0000027456
0.0000027455
0.0000027454
0.0000027454
0.0000027453
0.0000027452
0.0000027451
0.0000027451
0.0000027450
0.0000027449
0.0000027448
0.0000027448
0.0000027447
0.0000027446
0.0000027446
0.0000027445
0.0000027444
0.0000027443
0.0000027443
0.0000027442
0.0000027441
0.0000027440
0.0000027440
0.0000027439
0.0000027438
0.0000027438
0.0000027437
0.0000027436
0.0000027435
0.0000027435
0.0000027434
0.0000027433
0.0000027432
0.0000027432
0.0000027431
0.0000027430
0.0000027429
0.0000027429
0.0000027428
0.0000027427
0.0000027427
0.0000027426
0.0000027425
0.0000027424
0.0000027424
0.0000027423
0.0000027422
0.0000027421
0.0000027421
0.0000027420
0.0000027419
0.0000027418
0.0000027418
0.0000027417
0.0000027416
0.0000027416
0.0000027415
0.0000027414
0.0000027413
0.0000027413
0.0000027412
0.0000027411
0.0000027410
0.0000027410
0.0000027409
0.0000027408
0.0000027408
0.0000027407
0.0000027406
0.0000027405
0.0000027405
0.0000027404
0.0000027403
0.0000027402
0.0000027402
0.0000027401
0.0000027400
0.0000027399
0.0000027399
0.0000027398
0.0000027397
0.0000027397
0.0000027396
0.0000027395
0.0000027394
0.0000027394
0.0000027393
0.0000027392
0.0000027391
0.0000027391
0.0000027390
0.0000027389
0.0000027389
0.0000027388
0.0000027387
0.0000027386
0.0000027386
0.0000027385
0.0000027384
0.0000027383
0.0000027383
0.0000027382
0.0000027381
0.0000027380
0.0000027380
0.0000027379
0.0000027378
0.0000027378
0.0000027377
0.0000027376
0.0000027375
0.0000027375
0.0000027374
0.0000027373
0.0000027372
0.0000027372
0.0000027371
0.0000027370
0.0000027370
0.0000027369
0.0000027368
0.0000027367
0.0000027367
0.0000027366
0.0000027365
0.0000027364
0.0000027364
0.0000027363
0.0000027362
0.0000027362
0.0000027361
0.0000027360
0.0000027359
0.0000027359
0.0000027358
0.0000027357
0.0000027356
0.0000027356
0.0000027355
0.0000027354
0.0000027353
0.0000027353
0.0000027352
0.0000027351
0.0000027351
0.0000027350
0.0000027349
0.0000027348
0.0000027348
0.0000027347
0.0000027346
0.0000027345
0.0000027345
0.0000027344
0.0000027343
0.0000027343
0.0000027342
0.0000027341
0.0000027340
0.0000027340
0.0000027339
0.0000027338
0.0000027337
0.0000027337
0.0000027336
0.0000027335
0.0000027335
0.0000027334
0.0000027333
0.0000027332
0.0000027332
0.0000027331
0.0000027330
0.0000027329
0.0000027329
0.0000027328
0.0000027327
0.0000027327
0.0000027326
0.0000027325
0.0000027324
0.0000027324
0.0000027323
0.0000027322
0.0000027321
0.0000027321
0.0000027320
0.0000027319
0.0000027319
0.0000027318
0.0000027317
0.0000027316
0.0000027316
0.0000027315
0.0000027314
0.0000027313
0.0000027313
0.0000027312
0.0000027311
0.0000027310
0.0000027310
0.0000027309
0.0000027308
0.0000027308
0.0000027307
0.0000027306
0.0000027305
0.0000027305
0.0000027304
0.0000027303
0.0000027302
0.0000027302
0.0000027301
0.0000027300
0.0000027300
0.0000027299
0.0000027298
0.0000027297
0.0000027297
0.0000027296
0.0000027295
0.0000027294
0.0000027294
0.0000027293
0.0000027292
0.0000027292
0.0000027291
0.0000027290
0.0000027289
0.0000027289
0.0000027288
0.0000027287
0.0000027286
0.0000027286
0.0000027285
0.0000027284
0.0000027284
0.0000027283
0.0000027282
0.0000027281
0.0000027281
0.0000027280
0.0000027279
0.0000027278
0.0000027278
0.0000027277
0.0000027276
0.0000027276
0.0000027275
0.0000027274
0.0000027273
0.0000027273
0.0000027272
0.0000027271
0.0000027270
0.0000027270
0.0000027269
0.0000027268
0.0000027268
0.0000027267
0.0000027266
0.0000027265
0.0000027265
0.0000027264
0.0000027263
0.0000027262
0.0000027262
0.0000027261
0.0000027260
0.0000027260
0.0000027259
0.0000027258
0.0000027257
0.0000027257
0.0000027256
0.0000027255
0.0000027254
0.0000027254
0.0000027253
0.0000027252
0.0000027252
0.0000027251
0.0000027250
0.0000027249
0.0000027249
0.0000027248
0.0000027247
0.0000027247
0.0000027246
0.0000027245
0.0000027244
0.0000027244
0.0000027243
0.0000027242
0.0000027241
0.0000027241
0.0000027240
0.0000027239
0.0000027239
0.0000027238
0.0000027237
0.0000027236
0.0000027236
0.0000027235
0.0000027234
0.0000027233
0.0000027233
0.0000027232
0.0000027231
0.0000027231
0.0000027230
0.0000027229
0.0000027228
0.0000027228
0.0000027227
0.0000027226
0.0000027225
0.0000027225
0.0000027224
0.0000027223
0.0000027223
0.0000027222
0.0000027221
0.0000027220
0.0000027220
0.0000027219
0.0000027218
0.0000027217
0.0000027217
0.0000027216
0.0000027215
0.0000027215
0.0000027214
0.0000027213
0.0000027212
0.0000027212
0.0000027211
0.0000027210
0.0000027209
0.0000027209
0.0000027208
0.0000027207
0.0000027207
0.0000027206
0.0000027205
0.0000027204
0.0000027204
0.0000027203
0.0000027202
0.0000027202
0.0000027201
0.0000027200
0.0000027199
0.0000027199
0.0000027198
0.0000027197
0.0000027196
0.0000027196
0.0000027195
0.0000027194
0.0000027194
0.0000027193
0.0000027192
0.0000027191
0.0000027191
0.0000027190
0.0000027189
0.0000027188
0.0000027188
0.0000027187
0.0000027186
0.0000027186
0.0000027185
0.0000027184
0.0000027183
0.0000027183
0.0000027182
0.0000027181
0.0000027181
0.0000027180
0.0000027179
0.0000027178
0.0000027178
0.0000027177
0.0000027176
0.0000027175
0.0000027175
0.0000027174
0.0000027173
0.0000027173
0.0000027172
0.0000027171
0.0000027170
0.0000027170
0.0000027169
0.0000027168
0.0000027167
0.0000027167
0.0000027166
0.0000027165
0.0000027165
0.0000027164
0.0000027163
0.0000027162
0.0000027162
0.0000027161
0.0000027160
0.0000027160
0.0000027159
0.0000027158
0.0000027157
0.0000027157
0.0000027156
0.0000027155
0.0000027154
0.0000027154
0.0000027153
0.0000027152
0.0000027152
0.0000027151
0.0000027150
0.0000027149
0.0000027149
0.0000027148
0.0000027147
0.0000027146
0.0000027146
0.0000027145
0.0000027144
0.0000027144
0.0000027143
0.0000027142
0.0000027141
0.0000027141
0.0000027140
0.0000027139
0.0000027139
0.0000027138
0.0000027137
0.0000027136
0.0000027136
0.0000027135
0.0000027134
0.0000027133
0.0000027133
0.0000027132
0.0000027131
0.0000027131
0.0000027130
0.0000027129
0.0000027128
0.0000027128
0.0000027127
0.0000027126
0.0000027126
0.0000027125
0.0000027124
0.0000027123
0.0000027123
0.0000027122
0.0000027121
0.0000027120
0.0000027120
0.0000027119
0.0000027118
0.0000027118
0.0000027117
0.0000027116
0.0000027115
0.0000027115
0.0000027114
0.0000027113
0.0000027113
0.0000027112
0.0000027111
0.0000027110
0.0000027110
0.0000027109
0.0000027108
0.0000027107
0.0000027107
0.0000027106
0.0000027105
0.0000027105
0.0000027104
0.0000027103
0.0000027102
0.0000027102
0.0000027101
0.0000027100
0.0000027100
0.0000027099
0.0000027098
0.0000027097
0.0000027097
0.0000027096
0.0000027095
0.0000027094
0.0000027094
0.0000027093
0.0000027092
0.0000027092
0.0000027091
0.0000027090
0.0000027089
0.0000027089
0.0000027088
0.0000027087
0.0000027087
0.0000027086
0.0000027085
0.0000027084
0.0000027084
0.0000027083
0.0000027082
0.0000027081
0.0000027081
0.0000027080
0.0000027079
0.0000027079
0.0000027078
0.0000027077
0.0000027076
0.0000027076
0.0000027075
0.0000027074
0.0000027074
0.0000027073
0.0000027072
0.0000027071
0.0000027071
0.0000027070
0.0000027069
0.0000027068
0.0000027068
0.0000027067
0.0000027066
0.0000027066
0.0000027065
0.0000027064
0.0000027063
0.0000027063
0.0000027062
0.0000027061
0.0000027061
0.0000027060
0.0000027059
0.0000027058
0.0000027058
0.0000027057
0.0000027056
0.0000027056
0.0000027055
0.0000027054
0.0000027053
0.0000027053
0.0000027052
0.0000027051
0.0000027050
0.0000027050
0.0000027049
0.0000027048
0.0000027048
0.0000027047
0.0000027046
0.0000027045
0.0000027045
0.0000027044
0.0000027043
0.0000027043
0.0000027042
0.0000027041
0.0000027040
0.0000027040
0.0000027039
0.0000027038
0.0000027038
0.0000027037
0.0000027036
0.0000027035
0.0000027035
0.0000027034
0.0000027033
0.0000027032
0.0000027032
0.0000027031
0.0000027030
0.0000027030
0.0000027029
0.0000027028
0.0000027027
0.0000027027
0.0000027026
0.0000027025
0.0000027025
0.0000027024
0.0000027023
0.0000027022
0.0000027022
0.0000027021
0.0000027020
0.0000027020
0.0000027019
0.0000027018
0.0000027017
0.0000027017
0.0000027016
0.0000027015
0.0000027014
0.0000027014
0.0000027013
0.0000027012
0.0000027012
0.0000027011
0.0000027010
0.0000027009
0.0000027009
0.0000027008
0.0000027007
0.0000027007
0.0000027006
0.0000027005
0.0000027004
0.0000027004
0.0000027003
0.0000027002
0.0000027002
0.0000027001
0.0000027000
0.0000026999
0.0000026999
0.0000026998
0.0000026997
0.0000026997
0.0000026996
0.0000026995
0.0000026994
0.0000026994
0.0000026993
0.0000026992
0.0000026991
0.0000026991
0.0000026990
0.0000026989
0.0000026989
0.0000026988
0.0000026987
0.0000026986
0.0000026986
0.0000026985
0.0000026984
0.0000026984
0.0000026983
0.0000026982
0.0000026981
0.0000026981
0.0000026980
0.0000026979
0.0000026979
0.0000026978
0.0000026977
0.0000026976
0.0000026976
0.0000026975
0.0000026974
0.0000026974
0.0000026973
0.0000026972
0.0000026971
0.0000026971
0.0000026970
0.0000026969
0.0000026968
0.0000026968
0.0000026967
0.0000026966
0.0000026966
0.0000026965
0.0000026964
0.0000026963
0.0000026963
0.0000026962
0.0000026961
0.0000026961
0.0000026960
0.0000026959
0.0000026958
0.0000026958
0.0000026957
0.0000026956
0.0000026956
0.0000026955
0.0000026954
0.0000026953
0.0000026953
0.0000026952
0.0000026951
0.0000026951
0.0000026950
0.0000026949
0.0000026948
0.0000026948
0.0000026947
0.0000026946
0.0000026946
0.0000026945
0.0000026944
0.0000026943
0.0000026943
0.0000026942
0.0000026941
0.0000026941
0.0000026940
0.0000026939
0.0000026938
0.0000026938
0.0000026937
0.0000026936
0.0000026935
0.0000026935
0.0000026934
0.0000026933
0.0000026933
0.0000026932
0.0000026931
0.0000026930
0.0000026930
0.0000026929
0.0000026928
0.0000026928
0.0000026927
0.0000026926
0.0000026925
0.0000026925
0.0000026924
0.0000026923
0.0000026923
0.0000026922
0.0000026921
0.0000026920
0.0000026920
0.0000026919
0.0000026918
0.0000026918
0.0000026917
0.0000026916
0.0000026915
0.0000026915
0.0000026914
0.0000026913
0.0000026913
0.0000026912
0.0000026911
0.0000026910
0.0000026910
0.0000026909
0.0000026908
0.0000026908
0.0000026907
0.0000026906
0.0000026905
0.0000026905
0.0000026904
0.0000026903
0.0000026903
0.0000026902
0.0000026901
0.0000026900
0.0000026900
0.0000026899
0.0000026898
0.0000026898
0.0000026897
0.0000026896
0.0000026895
0.0000026895
0.0000026894
0.0000026893
0.0000026892
0.0000026892
0.0000026891
0.0000026890
0.0000026890
0.0000026889
0.0000026888
0.0000026887
0.0000026887
0.0000026886
0.0000026885
0.0000026885
0.0000026884
0.0000026883
0.0000026882
0.0000026882
0.0000026881
0.0000026880
0.0000026880
0.0000026879
0.0000026878
0.0000026877
0.0000026877
0.0000026876
0.0000026875
0.0000026875
0.0000026874
0.0000026873
0.0000026872
0.0000026872
0.0000026871
0.0000026870
0.0000026870
0.0000026869
0.0000026868
0.0000026867
0.0000026867
0.0000026866
0.0000026865
0.0000026865
0.0000026864
0.0000026863
0.0000026862
0.0000026862
0.0000026861
0.0000026860
0.0000026860
0.0000026859
0.0000026858
0.0000026857
0.0000026857
0.0000026856
0.0000026855
0.0000026855
0.0000026854
0.0000026853
0.0000026852
0.0000026852
0.0000026851
0.0000026850
0.0000026850
0.0000026849
0.0000026848
0.0000026847
0.0000026847
0.0000026846
0.0000026845
0.0000026845
0.0000026844
0.0000026843
0.0000026842
0.0000026842
0.0000026841
0.0000026840
0.0000026840
0.0000026839
0.0000026838
0.0000026837
0.0000026837
0.0000026836
0.0000026835
0.0000026835
0.0000026834
0.0000026833
0.0000026832
0.0000026832
0.0000026831
0.0000026830
0.0000026830
0.0000026829
0.0000026828
0.0000026827
0.0000026827
0.0000026826
0.0000026825
0.0000026825
0.0000026824
0.0000026823
0.0000026822
0.0000026822
0.0000026821
0.0000026820
0.0000026820
0.0000026819
0.0000026818
0.0000026817
0.0000026817
0.0000026816
0.0000026815
0.0000026815
0.0000026814
0.0000026813
0.0000026812
0.0000026812
0.0000026811
0.0000026810
0.0000026810
0.0000026809
0.0000026808
0.0000026807
0.0000026807
0.0000026806
0.0000026805
0.0000026805
0.0000026804
0.0000026803
0.0000026802
0.0000026802
0.0000026801
0.0000026800
0.0000026800
0.0000026799
0.0000026798
0.0000026797
0.0000026797
0.0000026796
0.0000026795
0.0000026795
0.0000026794
0.0000026793
0.0000026792
0.0000026792
0.0000026791
0.0000026790
0.0000026790
0.0000026789
0.0000026788
0.0000026788
0.0000026787
0.0000026786
0.0000026785
0.0000026785
0.0000026784
0.0000026783
0.0000026783
0.0000026782
0.0000026781
0.0000026780
0.0000026780
0.0000026779
0.0000026778
0.0000026778
0.0000026777
0.0000026776
0.0000026775
0.0000026775
0.0000026774
0.0000026773
0.0000026773
0.0000026772
0.0000026771
0.0000026770
0.0000026770
0.0000026769
0.0000026768
0.0000026768
0.0000026767
0.0000026766
0.0000026765
0.0000026765
0.0000026764
0.0000026763
0.0000026763
0.0000026762
0.0000026761
0.0000026760
0.0000026760
0.0000026759
0.0000026758
0.0000026758
0.0000026757
0.0000026756
0.0000026755
0.0000026755
0.0000026754
0.0000026753
0.0000026753
0.0000026752
0.0000026751
0.0000026750
0.0000026750
0.0000026749
0.0000026748
0.0000026748
0.0000026747
0.0000026746
0.0000026745
0.0000026745
0.0000026744
0.0000026743
0.0000026743
0.0000026742
0.0000026741
0.0000026741
0.0000026740
0.0000026739
0.0000026738
0.0000026738
0.0000026737
0.0000026736
0.0000026736
0.0000026735
0.0000026734
0.0000026733
0.0000026733
0.0000026732
0.0000026731
0.0000026731
0.0000026730
0.0000026729
0.0000026728
0.0000026728
0.0000026727
0.0000026726
0.0000026726
0.0000026725
0.0000026724
0.0000026723
0.0000026723
0.0000026722
0.0000026721
0.0000026721
0.0000026720
0.0000026719
0.0000026718
0.0000026718
0.0000026717
0.0000026716
0.0000026716
0.0000026715
0.0000026714
0.0000026713
0.0000026713
0.0000026712
0.0000026711
0.0000026711
0.0000026710
0.0000026709
0.0000026709
0.0000026708
0.0000026707
0.0000026706
0.0000026706
0.0000026705
0.0000026704
0.0000026704
0.0000026703
0.0000026702
0.0000026701
0.0000026701
0.0000026700
0.0000026699
0.0000026699
0.0000026698
0.0000026697
0.0000026696
0.0000026696
0.0000026695
0.0000026694
0.0000026694
0.0000026693
0.0000026692
0.0000026691
0.0000026691
0.0000026690
0.0000026689
0.0000026689
0.0000026688
0.0000026687
0.0000026687
0.0000026686
0.0000026685
0.0000026684
0.0000026684
0.0000026683
0.0000026682
0.0000026682
0.0000026681
0.0000026680
0.0000026679
0.0000026679
0.0000026678
0.0000026677
0.0000026677
0.0000026676
0.0000026675
0.0000026674
0.0000026674
0.0000026673
0.0000026672
0.0000026672
0.0000026671
0.0000026670
0.0000026669
0.0000026669
0.0000026668
0.0000026667
0.0000026667
0.0000026666
0.0000026665
0.0000026665
0.0000026664
0.0000026663
