0.0000026662
0.0000026662
0.0000026661
0.0000026660
0.0000026660
0.0000026659
0.0000026658
0.0000026657
0.0000026657
0.0000026656
0.0000026655
0.0000026655
0.0000026654
0.0000026653
0.0000026652
0.0000026652
0.0000026651
0.0000026650
0.0000026650
0.0000026649
0.0000026648
0.0000026648
0.0000026647
0.0000026646
0.0000026645
0.0000026645
0.0000026644
0.0000026643
0.0000026643
0.0000026642
0.0000026641
0.0000026640
0.0000026640
0.0000026639
0.0000026638
0.0000026638
0.0000026637
0.0000026636
0.0000026635
0.0000026635
0.0000026634
0.0000026633
0.0000026633
0.0000026632
0.0000026631
0.0000026631
0.0000026630
0.0000026629
0.0000026628
0.0000026628
0.0000026627
0.0000026626
0.0000026626
0.0000026625
0.0000026624
0.0000026623
0.0000026623
0.0000026622
0.0000026621
0.0000026621
0.0000026620
0.0000026619
0.0000026618
0.0000026618
0.0000026617
0.0000026616
0.0000026616
0.0000026615
0.0000026614
0.0000026614
0.0000026613
0.0000026612
0.0000026611
0.0000026611
0.0000026610
0.0000026609
0.0000026609
0.0000026608
0.0000026607
0.0000026606
0.0000026606
0.0000026605
0.0000026604
0.0000026604
0.0000026603
0.0000026602
0.0000026601
0.0000026601
0.0000026600
0.0000026599
0.0000026599
0.0000026598
0.0000026597
0.0000026597
0.0000026596
0.0000026595
0.0000026594
0.0000026594
0.0000026593
0.0000026592
0.0000026592
0.0000026591
0.0000026590
0.0000026589
0.0000026589
0.0000026588
0.0000026587
0.0000026587
0.0000026586
0.0000026585
0.0000026585
0.0000026584
0.0000026583
0.0000026582
0.0000026582
0.0000026581
0.0000026580
0.0000026580
0.0000026579
0.0000026578
0.0000026577
0.0000026577
0.0000026576
0.0000026575
0.0000026575
0.0000026574
0.0000026573
0.0000026573
0.0000026572
0.0000026571
0.0000026570
0.0000026570
0.0000026569
0.0000026568
0.0000026568
0.0000026567
0.0000026566
0.0000026565
0.0000026565
0.0000026564
0.0000026563
0.0000026563
0.0000026562
0.0000026561
0.0000026561
0.0000026560
0.0000026559
0.0000026558
0.0000026558
0.0000026557
0.0000026556
0.0000026556
0.0000026555
0.0000026554
0.0000026553
0.0000026553
0.0000026552
0.0000026551
0.0000026551
0.0000026550
0.0000026549
0.0000026549
0.0000026548
0.0000026547
0.0000026546
0.0000026546
0.0000026545
0.0000026544
0.0000026544
0.0000026543
0.0000026542
0.0000026541
0.0000026541
0.0000026540
0.0000026539
0.0000026539
0.0000026538
0.0000026537
0.0000026537
0.0000026536
0.0000026535
0.0000026534
0.0000026534
0.0000026533
0.0000026532
0.0000026532
0.0000026531
0.0000026530
0.0000026529
0.0000026529
0.0000026528
0.0000026527
0.0000026527
0.0000026526
0.0000026525
0.0000026525
0.0000026524
0.0000026523
0.0000026522
0.0000026522
0.0000026521
0.0000026520
0.0000026520
0.0000026519
0.0000026518
0.0000026517
0.0000026517
0.0000026516
0.0000026515
0.0000026515
0.0000026514
0.0000026513
0.0000026513
0.0000026512
0.0000026511
0.0000026510
0.0000026510
0.0000026509
0.0000026508
0.0000026508
0.0000026507
0.0000026506
0.0000026505
0.0000026505
0.0000026504
0.0000026503
0.0000026503
0.0000026502
0.0000026501
0.0000026501
0.0000026500
0.0000026499
0.0000026498
0.0000026498
0.0000026497
0.0000026496
0.0000026496
0.0000026495
0.0000026494
0.0000026494
0.0000026493
0.0000026492
0.0000026491
0.0000026491
0.0000026490
0.0000026489
0.0000026489
0.0000026488
0.0000026487
0.0000026486
0.0000026486
0.0000026485
0.0000026484
0.0000026484
0.0000026483
0.0000026482
0.0000026482
0.0000026481
0.0000026480
0.0000026479
0.0000026479
0.0000026478
0.0000026477
0.0000026477
0.0000026476
0.0000026475
0.0000026475
0.0000026474
0.0000026473
0.0000026472
0.0000026472
0.0000026471
0.0000026470
0.0000026470
0.0000026469
0.0000026468
0.0000026467
0.0000026467
0.0000026466
0.0000026465
0.0000026465
0.0000026464
0.0000026463
0.0000026463
0.0000026462
0.0000026461
0.0000026460
0.0000026460
0.0000026459
0.0000026458
0.0000026458
0.0000026457
0.0000026456
0.0000026456
0.0000026455
0.0000026454
0.0000026453
0.0000026453
0.0000026452
0.0000026451
0.0000026451
0.0000026450
0.0000026449
0.0000026448
0.0000026448
0.0000026447
0.0000026446
0.0000026446
0.0000026445
0.0000026444
0.0000026444
0.0000026443
0.0000026442
0.0000026441
0.0000026441
0.0000026440
0.0000026439
0.0000026439
0.0000026438
0.0000026437
0.0000026437
0.0000026436
0.0000026435
0.0000026434
0.0000026434
0.0000026433
0.0000026432
0.0000026432
0.0000026431
0.0000026430
0.0000026430
0.0000026429
0.0000026428
0.0000026427
0.0000026427
0.0000026426
0.0000026425
0.0000026425
0.0000026424
0.0000026423
0.0000026423
0.0000026422
0.0000026421
0.0000026420
0.0000026420
0.0000026419
0.0000026418
0.0000026418
0.0000026417
0.0000026416
0.0000026415
0.0000026415
0.0000026414
0.0000026413
0.0000026413
0.0000026412
0.0000026411
0.0000026411
0.0000026410
0.0000026409
0.0000026408
0.0000026408
0.0000026407
0.0000026406
0.0000026406
0.0000026405
0.0000026404
0.0000026404
0.0000026403
0.0000026402
0.0000026401
0.0000026401
0.0000026400
0.0000026399
0.0000026399
0.0000026398
0.0000026397
0.0000026397
0.0000026396
0.0000026395
0.0000026394
0.0000026394
0.0000026393
0.0000026392
0.0000026392
0.0000026391
0.0000026390
0.0000026390
0.0000026389
0.0000026388
0.0000026387
0.0000026387
0.0000026386
0.0000026385
0.0000026385
0.0000026384
0.0000026383
0.0000026383
0.0000026382
0.0000026381
0.0000026380
0.0000026380
0.0000026379
0.0000026378
0.0000026378
0.0000026377
0.0000026376
0.0000026376
0.0000026375
0.0000026374
0.0000026373
0.0000026373
0.0000026372
0.0000026371
0.0000026371
0.0000026370
0.0000026369
0.0000026369
0.0000026368
0.0000026367
0.0000026366
0.0000026366
0.0000026365
0.0000026364
0.0000026364
0.0000026363
0.0000026362
0.0000026362
0.0000026361
0.0000026360
0.0000026359
0.0000026359
0.0000026358
0.0000026357
0.0000026357
0.0000026356
0.0000026355
0.0000026355
0.0000026354
0.0000026353
0.0000026352
0.0000026352
0.0000026351
0.0000026350
0.0000026350
0.0000026349
0.0000026348
0.0000026348
0.0000026347
0.0000026346
0.0000026345
0.0000026345
0.0000026344
0.0000026343
0.0000026343
0.0000026342
0.0000026341
0.0000026341
0.0000026340
0.0000026339
0.0000026338
0.0000026338
0.0000026337
0.0000026336
0.0000026336
0.0000026335
0.0000026334
0.0000026334
0.0000026333
0.0000026332
0.0000026331
0.0000026331
0.0000026330
0.0000026329
0.0000026329
0.0000026328
0.0000026327
0.0000026327
0.0000026326
0.0000026325
0.0000026324
0.0000026324
0.0000026323
0.0000026322
0.0000026322
0.0000026321
0.0000026320
0.0000026320
0.0000026319
0.0000026318
0.0000026317
0.0000026317
0.0000026316
0.0000026315
0.0000026315
0.0000026314
0.0000026313
0.0000026313
0.0000026312
0.0000026311
0.0000026310
0.0000026310
0.0000026309
0.0000026308
0.0000026308
0.0000026307
0.0000026306
0.0000026306
0.0000026305
0.0000026304
0.0000026303
0.0000026303
0.0000026302
0.0000026301
0.0000026301
0.0000026300
0.0000026299
0.0000026299
0.0000026298
0.0000026297
0.0000026296
0.0000026296
0.0000026295
0.0000026294
0.0000026294
0.0000026293
0.0000026292
0.0000026292
0.0000026291
0.0000026290
0.0000026289
0.0000026289
0.0000026288
0.0000026287
0.0000026287
0.0000026286
0.0000026285
0.0000026285
0.0000026284
0.0000026283
0.0000026283
0.0000026282
0.0000026281
0.0000026280
0.0000026280
0.0000026279
0.0000026278
0.0000026278
0.0000026277
0.0000026276
0.0000026276
0.0000026275
0.0000026274
0.0000026273
0.0000026273
0.0000026272
0.0000026271
0.0000026271
0.0000026270
0.0000026269
0.0000026269
0.0000026268
0.0000026267
0.0000026266
0.0000026266
0.0000026265
0.0000026264
0.0000026264
0.0000026263
0.0000026262
0.0000026262
0.0000026261
0.0000026260
0.0000026259
0.0000026259
0.0000026258
0.0000026257
0.0000026257
0.0000026256
0.0000026255
0.0000026255
0.0000026254
0.0000026253
0.0000026253
0.0000026252
0.0000026251
0.0000026250
0.0000026250
0.0000026249
0.0000026248
0.0000026248
0.0000026247
0.0000026246
0.0000026246
0.0000026245
0.0000026244
0.0000026243
0.0000026243
0.0000026242
0.0000026241
0.0000026241
0.0000026240
0.0000026239
0.0000026239
0.0000026238
0.0000026237
0.0000026236
0.0000026236
0.0000026235
0.0000026234
0.0000026234
0.0000026233
0.0000026232
0.0000026232
0.0000026231
0.0000026230
0.0000026230
0.0000026229
0.0000026228
0.0000026227
0.0000026227
0.0000026226
0.0000026225
0.0000026225
0.0000026224
0.0000026223
0.0000026223
0.0000026222
0.0000026221
0.0000026220
0.0000026220
0.0000026219
0.0000026218
0.0000026218
0.0000026217
0.0000026216
0.0000026216
0.0000026215
0.0000026214
0.0000026214
0.0000026213
0.0000026212
0.0000026211
0.0000026211
0.0000026210
0.0000026209
0.0000026209
0.0000026208
0.0000026207
0.0000026207
0.0000026206
0.0000026205
0.0000026204
0.0000026204
0.0000026203
0.0000026202
0.0000026202
0.0000026201
0.0000026200
0.0000026200
0.0000026199
0.0000026198
0.0000026198
0.0000026197
0.0000026196
0.0000026195
0.0000026195
0.0000026194
0.0000026193
0.0000026193
0.0000026192
0.0000026191
0.0000026191
0.0000026190
0.0000026189
0.0000026188
0.0000026188
0.0000026187
0.0000026186
0.0000026186
0.0000026185
0.0000026184
0.0000026184
0.0000026183
0.0000026182
0.0000026182
0.0000026181
0.0000026180
0.0000026179
0.0000026179
0.0000026178
0.0000026177
0.0000026177
0.0000026176
0.0000026175
0.0000026175
0.0000026174
0.0000026173
0.0000026172
0.0000026172
0.0000026171
0.0000026170
0.0000026170
0.0000026169
0.0000026168
0.0000026168
0.0000026167
0.0000026166
0.0000026166
0.0000026165
0.0000026164
0.0000026163
0.0000026163
0.0000026162
0.0000026161
0.0000026161
0.0000026160
0.0000026159
0.0000026159
0.0000026158
0.0000026157
0.0000026157
0.0000026156
0.0000026155
0.0000026154
0.0000026154
0.0000026153
0.0000026152
0.0000026152
0.0000026151
0.0000026150
0.0000026150
0.0000026149
0.0000026148
0.0000026147
0.0000026147
0.0000026146
0.0000026145
0.0000026145
0.0000026144
0.0000026143
0.0000026143
0.0000026142
0.0000026141
0.0000026141
0.0000026140
0.0000026139
0.0000026138
0.0000026138
0.0000026137
0.0000026136
0.0000026136
0.0000026135
0.0000026134
0.0000026134
0.0000026133
0.0000026132
0.0000026132
0.0000026131
0.0000026130
0.0000026129
0.0000026129
0.0000026128
0.0000026127
0.0000026127
0.0000026126
0.0000026125
0.0000026125
0.0000026124
0.0000026123
0.0000026123
0.0000026122
0.0000026121
0.0000026120
0.0000026120
0.0000026119
0.0000026118
0.0000026118
0.0000026117
0.0000026116
0.0000026116
0.0000026115
0.0000026114
0.0000026114
0.0000026113
0.0000026112
0.0000026111
0.0000026111
0.0000026110
0.0000026109
0.0000026109
0.0000026108
0.0000026107
0.0000026107
0.0000026106
0.0000026105
0.0000026105
0.0000026104
0.0000026103
0.0000026102
0.0000026102
0.0000026101
0.0000026100
0.0000026100
0.0000026099
0.0000026098
0.0000026098
0.0000026097
0.0000026096
0.0000026096
0.0000026095
0.0000026094
0.0000026093
0.0000026093
0.0000026092
0.0000026091
0.0000026091
0.0000026090
0.0000026089
0.0000026089
0.0000026088
0.0000026087
0.0000026087
0.0000026086
0.0000026085
0.0000026084
0.0000026084
0.0000026083
0.0000026082
0.0000026082
0.0000026081
0.0000026080
0.0000026080
0.0000026079
0.0000026078
0.0000026078
0.0000026077
0.0000026076
0.0000026075
0.0000026075
0.0000026074
0.0000026073
0.0000026073
0.0000026072
0.0000026071
0.0000026071
0.0000026070
0.0000026069
0.0000026069
0.0000026068
0.0000026067
0.0000026066
0.0000026066
0.0000026065
0.0000026064
0.0000026064
0.0000026063
0.0000026062
0.0000026062
0.0000026061
0.0000026060
0.0000026060
0.0000026059
0.0000026058
0.0000026057
0.0000026057
0.0000026056
0.0000026055
0.0000026055
0.0000026054
0.0000026053
0.0000026053
0.0000026052
0.0000026051
0.0000026051
0.0000026050
0.0000026049
0.0000026048
0.0000026048
0.0000026047
0.0000026046
0.0000026046
0.0000026045
0.0000026044
0.0000026044
0.0000026043
0.0000026042
0.0000026042
0.0000026041
0.0000026040
0.0000026039
0.0000026039
0.0000026038
0.0000026037
0.0000026037
0.0000026036
0.0000026035
0.0000026035
0.0000026034
0.0000026033
0.0000026033
0.0000026032
0.0000026031
0.0000026030
0.0000026030
0.0000026029
0.0000026028
0.0000026028
0.0000026027
0.0000026026
0.0000026026
0.0000026025
0.0000026024
0.0000026024
0.0000026023
0.0000026022
0.0000026022
0.0000026021
0.0000026020
0.0000026019
0.0000026019
0.0000026018
0.0000026017
0.0000026017
0.0000026016
0.0000026015
0.0000026015
0.0000026014
0.0000026013
0.0000026013
0.0000026012
0.0000026011
0.0000026010
0.0000026010
0.0000026009
0.0000026008
0.0000026008
0.0000026007
0.0000026006
0.0000026006
0.0000026005
0.0000026004
0.0000026004
0.0000026003
0.0000026002
0.0000026002
0.0000026001
0.0000026000
0.0000025999
0.0000025999
0.0000025998
0.0000025997
0.0000025997
0.0000025996
0.0000025995
0.0000025995
0.0000025994
0.0000025993
0.0000025993
0.0000025992
0.0000025991
0.0000025990
0.0000025990
0.0000025989
0.0000025988
0.0000025988
0.0000025987
0.0000025986
0.0000025986
0.0000025985
0.0000025984
0.0000025984
0.0000025983
0.0000025982
0.0000025982
0.0000025981
0.0000025980
0.0000025979
0.0000025979
0.0000025978
0.0000025977
0.0000025977
0.0000025976
0.0000025975
0.0000025975
0.0000025974
0.0000025973
0.0000025973
0.0000025972
0.0000025971
0.0000025970
0.0000025970
0.0000025969
0.0000025968
0.0000025968
0.0000025967
0.0000025966
0.0000025966
0.0000025965
0.0000025964
0.0000025964
0.0000025963
0.0000025962
0.0000025962
0.0000025961
0.0000025960
0.0000025959
0.0000025959
0.0000025958
0.0000025957
0.0000025957
0.0000025956
0.0000025955
0.0000025955
0.0000025954
0.0000025953
0.0000025953
0.0000025952
0.0000025951
0.0000025951
0.0000025950
0.0000025949
0.0000025948
0.0000025948
0.0000025947
0.0000025946
0.0000025946
0.0000025945
0.0000025944
0.0000025944
0.0000025943
0.0000025942
0.0000025942
0.0000025941
0.0000025940
0.0000025940
0.0000025939
0.0000025938
0.0000025937
0.0000025937
0.0000025936
0.0000025935
0.0000025935
0.0000025934
0.0000025933
0.0000025933
0.0000025932
0.0000025931
0.0000025931
0.0000025930
0.0000025929
0.0000025929
0.0000025928
0.0000025927
0.0000025926
0.0000025926
0.0000025925
0.0000025924
0.0000025924
0.0000025923
0.0000025922
0.0000025922
0.0000025921
0.0000025920
0.0000025920
0.0000025919
0.0000025918
0.0000025918
0.0000025917
0.0000025916
0.0000025915
0.0000025915
0.0000025914
0.0000025913
0.0000025913
0.0000025912
0.0000025911
0.0000025911
0.0000025910
0.0000025909
0.0000025909
0.0000025908
0.0000025907
0.0000025907
0.0000025906
0.0000025905
0.0000025904
0.0000025904
0.0000025903
0.0000025902
0.0000025902
0.0000025901
0.0000025900
0.0000025900
0.0000025899
0.0000025898
0.0000025898
0.0000025897
0.0000025896
0.0000025896
0.0000025895
0.0000025894
0.0000025893
0.0000025893
0.0000025892
0.0000025891
0.0000025891
0.0000025890
0.0000025889
0.0000025889
0.0000025888
0.0000025887
0.0000025887
0.0000025886
0.0000025885
0.0000025885
0.0000025884
0.0000025883
0.0000025882
0.0000025882
0.0000025881
0.0000025880
0.0000025880
0.0000025879
0.0000025878
0.0000025878
0.0000025877
0.0000025876
0.0000025876
0.0000025875
0.0000025874
0.0000025874
0.0000025873
0.0000025872
0.0000025872
0.0000025871
0.0000025870
0.0000025869
0.0000025869
0.0000025868
0.0000025867
0.0000025867
0.0000025866
0.0000025865
0.0000025865
0.0000025864
0.0000025863
0.0000025863
0.0000025862
0.0000025861
0.0000025861
0.0000025860
0.0000025859
0.0000025858
0.0000025858
0.0000025857
0.0000025856
0.0000025856
0.0000025855
0.0000025854
0.0000025854
0.0000025853
0.0000025852
0.0000025852
0.0000025851
0.0000025850
0.0000025850
0.0000025849
0.0000025848
0.0000025848
0.0000025847
0.0000025846
0.0000025845
0.0000025845
0.0000025844
0.0000025843
0.0000025843
0.0000025842
0.0000025841
0.0000025841
0.0000025840
0.0000025839
0.0000025839
0.0000025838
0.0000025837
0.0000025837
0.0000025836
0.0000025835
0.0000025834
0.0000025834
0.0000025833
0.0000025832
0.0000025832
0.0000025831
0.0000025830
0.0000025830
0.0000025829
0.0000025828
0.0000025828
0.0000025827
0.0000025826
0.0000025826
0.0000025825
0.0000025824
0.0000025824
0.0000025823
0.0000025822
0.0000025821
0.0000025821
0.0000025820
0.0000025819
0.0000025819
0.0000025818
0.0000025817
0.0000025817
0.0000025816
0.0000025815
0.0000025815
0.0000025814
0.0000025813
0.0000025813
0.0000025812
0.0000025811
0.0000025811
0.0000025810
0.0000025809
0.0000025808
0.0000025808
0.0000025807
0.0000025806
0.0000025806
0.0000025805
0.0000025804
0.0000025804
0.0000025803
0.0000025802
0.0000025802
0.0000025801
0.0000025800
0.0000025800
0.0000025799
0.0000025798
0.0000025798
0.0000025797
0.0000025796
0.0000025795
0.0000025795
0.0000025794
0.0000025793
0.0000025793
0.0000025792
0.0000025791
0.0000025791
0.0000025790
0.0000025789
0.0000025789
0.0000025788
0.0000025787
0.0000025787
0.0000025786
0.0000025785
0.0000025785
0.0000025784
0.0000025783
0.0000025782
0.0000025782
0.0000025781
0.0000025780
0.0000025780
0.0000025779
0.0000025778
0.0000025778
0.0000025777
0.0000025776
0.0000025776
0.0000025775
0.0000025774
0.0000025774
0.0000025773
0.0000025772
0.0000025772
0.0000025771
0.0000025770
0.0000025770
0.0000025769
0.0000025768
0.0000025767
0.0000025767
0.0000025766
0.0000025765
0.0000025765
0.0000025764
0.0000025763
0.0000025763
0.0000025762
0.0000025761
0.0000025761
0.0000025760
0.0000025759
0.0000025759
0.0000025758
0.0000025757
0.0000025757
0.0000025756
0.0000025755
0.0000025754
0.0000025754
0.0000025753
0.0000025752
0.0000025752
0.0000025751
0.0000025750
0.0000025750
0.0000025749
0.0000025748
0.0000025748
0.0000025747
0.0000025746
0.0000025746
0.0000025745
0.0000025744
0.0000025744
0.0000025743
0.0000025742
0.0000025742
0.0000025741
0.0000025740
0.0000025739
0.0000025739
0.0000025738
0.0000025737
0.0000025737
0.0000025736
0.0000025735
0.0000025735
0.0000025734
0.0000025733
0.0000025733
0.0000025732
0.0000025731
0.0000025731
0.0000025730
0.0000025729
0.0000025729
0.0000025728
0.0000025727
0.0000025727
0.0000025726
0.0000025725
0.0000025724
0.0000025724
0.0000025723
0.0000025722
0.0000025722
0.0000025721
0.0000025720
0.0000025720
0.0000025719
0.0000025718
0.0000025718
0.0000025717
0.0000025716
0.0000025716
0.0000025715
0.0000025714
0.0000025714
0.0000025713
0.0000025712
0.0000025712
0.0000025711
0.0000025710
0.0000025709
0.0000025709
0.0000025708
0.0000025707
0.0000025707
0.0000025706
0.0000025705
0.0000025705
0.0000025704
0.0000025703
0.0000025703
0.0000025702
0.0000025701
0.0000025701
0.0000025700
0.0000025699
0.0000025699
0.0000025698
0.0000025697
0.0000025697
0.0000025696
0.0000025695
0.0000025694
0.0000025694
0.0000025693
0.0000025692
0.0000025692
0.0000025691
0.0000025690
0.0000025690
0.0000025689
0.0000025688
0.0000025688
0.0000025687
0.0000025686
0.0000025686
0.0000025685
0.0000025684
0.0000025684
0.0000025683
0.0000025682
0.0000025682
0.0000025681
0.0000025680
0.0000025680
0.0000025679
0.0000025678
0.0000025677
0.0000025677
0.0000025676
0.0000025675
0.0000025675
0.0000025674
0.0000025673
0.0000025673
0.0000025672
0.0000025671
0.0000025671
0.0000025670
0.0000025669
0.0000025669
0.0000025668
0.0000025667
0.0000025667
0.0000025666
0.0000025665
0.0000025665
0.0000025664
0.0000025663
0.0000025663
0.0000025662
0.0000025661
0.0000025660
0.0000025660
0.0000025659
0.0000025658
0.0000025658
0.0000025657
0.0000025656
0.0000025656
0.0000025655
0.0000025654
0.0000025654
0.0000025653
0.0000025652
0.0000025652
0.0000025651
0.0000025650
0.0000025650
0.0000025649
0.0000025648
0.0000025648
0.0000025647
0.0000025646
0.0000025646
0.0000025645
0.0000025644
0.0000025643
0.0000025643
0.0000025642
0.0000025641
0.0000025641
0.0000025640
0.0000025639
0.0000025639
0.0000025638
0.0000025637
0.0000025637
0.0000025636
0.0000025635
0.0000025635
0.0000025634
0.0000025633
0.0000025633
0.0000025632
0.0000025631
0.0000025631
0.0000025630
0.0000025629
0.0000025629
0.0000025628
0.0000025627
0.0000025627
0.0000025626
0.0000025625
0.0000025624
0.0000025624
0.0000025623
0.0000025622
0.0000025622
0.0000025621
0.0000025620
0.0000025620
0.0000025619
0.0000025618
0.0000025618
0.0000025617
0.0000025616
0.0000025616
0.0000025615
0.0000025614
0.0000025614
0.0000025613
0.0000025612
0.0000025612
0.0000025611
0.0000025610
0.0000025610
0.0000025609
0.0000025608
0.0000025608
0.0000025607
0.0000025606
0.0000025605
0.0000025605
0.0000025604
0.0000025603
0.0000025603
0.0000025602
0.0000025601
0.0000025601
0.0000025600
0.0000025599
0.0000025599
0.0000025598
0.0000025597
0.0000025597
0.0000025596
0.0000025595
0.0000025595
0.0000025594
0.0000025593
0.0000025593
0.0000025592
0.0000025591
0.0000025591
0.0000025590
0.0000025589
0.0000025589
0.0000025588
0.0000025587
0.0000025586
0.0000025586
0.0000025585
0.0000025584
0.0000025584
0.0000025583
0.0000025582
0.0000025582
0.0000025581
0.0000025580
0.0000025580
0.0000025579
0.0000025578
0.0000025578
0.0000025577
0.0000025576
0.0000025576
0.0000025575
0.0000025574
0.0000025574
0.0000025573
0.0000025572
0.0000025572
0.0000025571
0.0000025570
0.0000025570
0.0000025569
0.0000025568
0.0000025568
0.0000025567
0.0000025566
0.0000025565
0.0000025565
0.0000025564
0.0000025563
0.0000025563
0.0000025562
0.0000025561
0.0000025561
0.0000025560
0.0000025559
0.0000025559
0.0000025558
0.0000025557
0.0000025557
0.0000025556
0.0000025555
0.0000025555
0.0000025554
0.0000025553
0.0000025553
0.0000025552
0.0000025551
0.0000025551
0.0000025550
0.0000025549
0.0000025549
0.0000025548
0.0000025547
0.0000025547
0.0000025546
0.0000025545
0.0000025545
0.0000025544
0.0000025543
0.0000025542
0.0000025542
0.0000025541
0.0000025540
0.0000025540
0.0000025539
0.0000025538
0.0000025538
0.0000025537
0.0000025536
0.0000025536
0.0000025535
0.0000025534
0.0000025534
0.0000025533
0.0000025532
0.0000025532
0.0000025531
0.0000025530
0.0000025530
0.0000025529
0.0000025528
0.0000025528
0.0000025527
0.0000025526
0.0000025526
0.0000025525
0.0000025524
0.0000025524
0.0000025523
0.0000025522
0.0000025522
0.0000025521
0.0000025520
0.0000025519
0.0000025519
0.0000025518
0.0000025517
0.0000025517
0.0000025516
0.0000025515
0.0000025515
0.0000025514
0.0000025513
0.0000025513
0.0000025512
0.0000025511
0.0000025511
0.0000025510
0.0000025509
0.0000025509
0.0000025508
0.0000025507
0.0000025507
0.0000025506
0.0000025505
0.0000025505
0.0000025504
0.0000025503
0.0000025503
0.0000025502
0.0000025501
0.0000025501
0.0000025500
0.0000025499
0.0000025499
0.0000025498
0.0000025497
0.0000025497
0.0000025496
0.0000025495
0.0000025494
0.0000025494
0.0000025493
0.0000025492
0.0000025492
0.0000025491
0.0000025490
0.0000025490
0.0000025489
0.0000025488
0.0000025488
0.0000025487
0.0000025486
0.0000025486
0.0000025485
0.0000025484
0.0000025484
0.0000025483
0.0000025482
0.0000025482
0.0000025481
0.0000025480
0.0000025480
0.0000025479
0.0000025478
0.0000025478
0.0000025477
0.0000025476
0.0000025476
0.0000025475
0.0000025474
0.0000025474
0.0000025473
0.0000025472
0.0000025472
0.0000025471
0.0000025470
0.0000025470
0.0000025469
0.0000025468
0.0000025468
0.0000025467
0.0000025466
0.0000025465
0.0000025465
0.0000025464
0.0000025463
0.0000025463
0.0000025462
0.0000025461
0.0000025461
0.0000025460
0.0000025459
0.0000025459
0.0000025458
0.0000025457
0.0000025457
0.0000025456
0.0000025455
0.0000025455
0.0000025454
0.0000025453
0.0000025453
0.0000025452
0.0000025451
0.0000025451
0.0000025450
0.0000025449
0.0000025449
0.0000025448
0.0000025447
0.0000025447
0.0000025446
0.0000025445
0.0000025445
0.0000025444
0.0000025443
0.0000025443
0.0000025442
0.0000025441
0.0000025441
0.0000025440
0.0000025439
0.0000025439
0.0000025438
0.0000025437
0.0000025437
0.0000025436
0.0000025435
0.0000025434
0.0000025434
0.0000025433
0.0000025432
0.0000025432
0.0000025431
0.0000025430
0.0000025430
0.0000025429
0.0000025428
0.0000025428
0.0000025427
0.0000025426
0.0000025426
0.0000025425
0.0000025424
0.0000025424
0.0000025423
0.0000025422
0.0000025422
0.0000025421
0.0000025420
0.0000025420
0.0000025419
0.0000025418
0.0000025418
0.0000025417
0.0000025416
0.0000025416
0.0000025415
0.0000025414
0.0000025414
0.0000025413
0.0000025412
0.0000025412
0.0000025411
0.0000025410
0.0000025410
0.0000025409
0.0000025408
0.0000025408
0.0000025407
0.0000025406
0.0000025406
0.0000025405
0.0000025404
0.0000025404
0.0000025403
0.0000025402
0.0000025402
0.0000025401
0.0000025400
0.0000025399
0.0000025399
0.0000025398
0.0000025397
0.0000025397
0.0000025396
0.0000025395
0.0000025395
0.0000025394
0.0000025393
0.0000025393
0.0000025392
0.0000025391
0.0000025391
0.0000025390
0.0000025389
0.0000025389
0.0000025388
0.0000025387
0.0000025387
0.0000025386
0.0000025385
0.0000025385
0.0000025384
0.0000025383
0.0000025383
0.0000025382
0.0000025381
0.0000025381
0.0000025380
0.0000025379
0.0000025379
0.0000025378
0.0000025377
0.0000025377
0.0000025376
0.0000025375
0.0000025375
0.0000025374
0.0000025373
0.0000025373
0.0000025372
0.0000025371
0.0000025371
0.0000025370
0.0000025369
0.0000025369
0.0000025368
0.0000025367
0.0000025367
0.0000025366
0.0000025365
0.0000025365
0.0000025364
0.0000025363
0.0000025363
0.0000025362
0.0000025361
0.0000025361
0.0000025360
0.0000025359
0.0000025359
0.0000025358
0.0000025357
0.0000025357
0.0000025356
0.0000025355
0.0000025354
0.0000025354
0.0000025353
0.0000025352
0.0000025352
0.0000025351
0.0000025350
0.0000025350
0.0000025349
0.0000025348
0.0000025348
0.0000025347
0.0000025346
0.0000025346
0.0000025345
0.0000025344
0.0000025344
0.0000025343
0.0000025342
0.0000025342
0.0000025341
0.0000025340
0.0000025340
0.0000025339
0.0000025338
0.0000025338
0.0000025337
0.0000025336
0.0000025336
0.0000025335
0.0000025334
0.0000025334
0.0000025333
0.0000025332
0.0000025332
0.0000025331
0.0000025330
0.0000025330
0.0000025329
0.0000025328
0.0000025328
0.0000025327
0.0000025326
0.0000025326
0.0000025325
0.0000025324
0.0000025324
0.0000025323
0.0000025322
0.0000025322
0.0000025321
0.0000025320
0.0000025320
0.0000025319
0.0000025318
0.0000025318
0.0000025317
0.0000025316
0.0000025316
0.0000025315
0.0000025314
0.0000025314
0.0000025313
0.0000025312
0.0000025312
0.0000025311
0.0000025310
0.0000025310
0.0000025309
0.0000025308
0.0000025308
0.0000025307
0.0000025306
0.0000025306
0.0000025305
0.0000025304
0.0000025304
0.0000025303
0.0000025302
0.0000025302
0.0000025301
0.0000025300
0.0000025300
0.0000025299
0.0000025298
0.0000025298
0.0000025297
0.0000025296
0.0000025296
0.0000025295
0.0000025294
0.0000025294
0.0000025293
0.0000025292
0.0000025291
0.0000025291
0.0000025290
0.0000025289
0.0000025289
0.0000025288
0.0000025287
0.0000025287
0.0000025286
0.0000025285
0.0000025285
0.0000025284
0.0000025283
0.0000025283
0.0000025282
0.0000025281
0.0000025281
0.0000025280
0.0000025279
0.0000025279
0.0000025278
0.0000025277
0.0000025277
0.0000025276
0.0000025275
0.0000025275
0.0000025274
0.0000025273
0.0000025273
0.0000025272
0.0000025271
0.0000025271
0.0000025270
0.0000025269
0.0000025269
0.0000025268
0.0000025267
0.0000025267
0.0000025266
0.0000025265
0.0000025265
0.0000025264
0.0000025263
0.0000025263
0.0000025262
0.0000025261
0.0000025261
0.0000025260
0.0000025259
0.0000025259
0.0000025258
0.0000025257
0.0000025257
0.0000025256
0.0000025255
0.0000025255
0.0000025254
0.0000025253
0.0000025253
0.0000025252
0.0000025251
0.0000025251
0.0000025250
0.0000025249
0.0000025249
0.0000025248
0.0000025247
0.0000025247
0.0000025246
0.0000025245
0.0000025245
0.0000025244
0.0000025243
0.0000025243
0.0000025242
0.0000025241
0.0000025241
0.0000025240
0.0000025239
0.0000025239
0.0000025238
0.0000025237
0.0000025237
0.0000025236
0.0000025235
0.0000025235
0.0000025234
0.0000025233
0.0000025233
0.0000025232
0.0000025231
0.0000025231
0.0000025230
0.0000025229
0.0000025229
0.0000025228
0.0000025227
0.0000025227
0.0000025226
0.0000025225
0.0000025225
0.0000025224
0.0000025223
0.0000025223
0.0000025222
0.0000025221
0.0000025221
0.0000025220
0.0000025219
0.0000025219
0.0000025218
0.0000025217
0.0000025217
0.0000025216
0.0000025215
0.0000025215
0.0000025214
0.0000025213
0.0000025213
0.0000025212
0.0000025211
0.0000025211
0.0000025210
0.0000025209
0.0000025209
0.0000025208
0.0000025207
0.0000025207
0.0000025206
0.0000025205
0.0000025205
0.0000025204
0.0000025203
0.0000025203
0.0000025202
0.0000025201
0.0000025201
0.0000025200
0.0000025199
0.0000025199
0.0000025198
0.0000025197
0.0000025197
0.0000025196
0.0000025195
0.0000025195
0.0000025194
0.0000025193
0.0000025193
0.0000025192
0.0000025191
0.0000025191
0.0000025190
0.0000025189
0.0000025189
0.0000025188
0.0000025187
0.0000025187
0.0000025186
0.0000025185
0.0000025185
0.0000025184
0.0000025183
0.0000025183
0.0000025182
0.0000025181
0.0000025181
0.0000025180
0.0000025179
0.0000025179
0.0000025178
0.0000025177
0.0000025177
0.0000025176
0.0000025175
0.0000025175
0.0000025174
0.0000025173
0.0000025173
0.0000025172
0.0000025171
0.0000025171
0.0000025170
0.0000025169
0.0000025169
0.0000025168
0.0000025167
0.0000025167
0.0000025166
0.0000025165
0.0000025165
0.0000025164
0.0000025163
0.0000025163
0.0000025162
0.0000025161
0.0000025161
0.0000025160
0.0000025159
0.0000025159
0.0000025158
0.0000025157
0.0000025157
0.0000025156
0.0000025155
0.0000025155
0.0000025154
0.0000025153
0.0000025153
0.0000025152
0.0000025151
0.0000025151
0.0000025150
0.0000025149
0.0000025149
0.0000025148
0.0000025147
0.0000025147
0.0000025146
0.0000025145
0.0000025145
0.0000025144
0.0000025143
0.0000025143
0.0000025142
0.0000025141
0.0000025141
0.0000025140
0.0000025139
0.0000025139
0.0000025138
0.0000025137
0.0000025137
0.0000025136
0.0000025135
0.0000025135
0.0000025134
0.0000025133
0.0000025133
0.0000025132
0.0000025131
0.0000025131
0.0000025130
0.0000025129
0.0000025129
0.0000025128
0.0000025127
0.0000025127
0.0000025126
0.0000025125
0.0000025125
0.0000025124
0.0000025123
0.0000025123
0.0000025122
0.0000025121
0.0000025121
0.0000025120
0.0000025119
0.0000025119
0.0000025118
0.0000025117
0.0000025117
0.0000025116
0.0000025115
0.0000025115
0.0000025114
0.0000025113
0.0000025113
0.0000025112
0.0000025111
0.0000025111
0.0000025110
0.0000025110
0.0000025109
0.0000025108
0.0000025108
0.0000025107
0.0000025106
0.0000025106
0.0000025105
0.0000025104
0.0000025104
0.0000025103
0.0000025102
0.0000025102
0.0000025101
0.0000025100
0.0000025100
0.0000025099
0.0000025098
0.0000025098
0.0000025097
0.0000025096
0.0000025096
0.0000025095
0.0000025094
0.0000025094
0.0000025093
0.0000025092
0.0000025092
0.0000025091
0.0000025090
0.0000025090
0.0000025089
0.0000025088
0.0000025088
0.0000025087
0.0000025086
0.0000025086
0.0000025085
0.0000025084
0.0000025084
0.0000025083
0.0000025082
0.0000025082
0.0000025081
0.0000025080
0.0000025080
0.0000025079
0.0000025078
0.0000025078
0.0000025077
0.0000025076
0.0000025076
0.0000025075
0.0000025074
0.0000025074
0.0000025073
0.0000025072
0.0000025072
0.0000025071
0.0000025070
0.0000025070
0.0000025069
0.0000025068
0.0000025068
0.0000025067
0.0000025066
0.0000025066
0.0000025065
0.0000025064
0.0000025064
0.0000025063
0.0000025062
0.0000025062
0.0000025061
0.0000025060
0.0000025060
0.0000025059
0.0000025058
0.0000025058
0.0000025057
0.0000025056
0.0000025056
0.0000025055
0.0000025054
0.0000025054
0.0000025053
0.0000025052
0.0000025052
0.0000025051
0.0000025050
0.0000025050
0.0000025049
0.0000025048
0.0000025048
0.0000025047
0.0000025047
0.0000025046
0.0000025045
0.0000025045
0.0000025044
0.0000025043
0.0000025043
0.0000025042
0.0000025041
0.0000025041
0.0000025040
0.0000025039
0.0000025039
0.0000025038
0.0000025037
0.0000025037
0.0000025036
0.0000025035
0.0000025035
0.0000025034
0.0000025033
0.0000025033
0.0000025032
0.0000025031
0.0000025031
0.0000025030
0.0000025029
0.0000025029
0.0000025028
0.0000025027
0.0000025027
0.0000025026
0.0000025025
0.0000025025
0.0000025024
0.0000025023
0.0000025023
0.0000025022
0.0000025021
0.0000025021
0.0000025020
0.0000025019
0.0000025019
0.0000025018
0.0000025017
0.0000025017
0.0000025016
0.0000025015
0.0000025015
0.0000025014
0.0000025013
0.0000025013
0.0000025012
0.0000025011
0.0000025011
0.0000025010
0.0000025009
0.0000025009
0.0000025008
0.0000025007
0.0000025007
0.0000025006
0.0000025005
0.0000025005
0.0000025004
0.0000025004
0.0000025003
0.0000025002
0.0000025002
0.0000025001
0.0000025000
0.0000025000
0.0000024999
0.0000024998
0.0000024998
0.0000024997
0.0000024996
0.0000024996
0.0000024995
0.0000024994
0.0000024994
0.0000024993
0.0000024992
0.0000024992
0.0000024991
0.0000024990
0.0000024990
0.0000024989
0.0000024988
0.0000024988
0.0000024987
0.0000024986
0.0000024986
0.0000024985
0.0000024984
0.0000024984
0.0000024983
0.0000024982
0.0000024982
0.0000024981
0.0000024980
0.0000024980
0.0000024979
0.0000024978
0.0000024978
0.0000024977
0.0000024976
0.0000024976
0.0000024975
0.0000024974
0.0000024974
0.0000024973
0.0000024972
0.0000024972
0.0000024971
0.0000024970
0.0000024970
0.0000024969
0.0000024969
0.0000024968
0.0000024967
0.0000024967
0.0000024966
0.0000024965
0.0000024965
0.0000024964
0.0000024963
0.0000024963
0.0000024962
0.0000024961
0.0000024961
0.0000024960
0.0000024959
0.0000024959
0.0000024958
0.0000024957
0.0000024957
0.0000024956
0.0000024955
0.0000024955
0.0000024954
0.0000024953
0.0000024953
0.0000024952
0.0000024951
0.0000024951
0.0000024950
0.0000024949
0.0000024949
0.0000024948
0.0000024947
0.0000024947
0.0000024946
0.0000024945
0.0000024945
0.0000024944
0.0000024943
0.0000024943
0.0000024942
0.0000024941
0.0000024941
0.0000024940
0.0000024939
0.0000024939
0.0000024938
0.0000024938
0.0000024937
0.0000024936
0.0000024936
0.0000024935
0.0000024934
0.0000024934
0.0000024933
0.0000024932
0.0000024932
0.0000024931
0.0000024930
0.0000024930
0.0000024929
0.0000024928
0.0000024928
0.0000024927
0.0000024926
0.0000024926
0.0000024925
0.0000024924
0.0000024924
0.0000024923
0.0000024922
0.0000024922
0.0000024921
0.0000024920
0.0000024920
0.0000024919
0.0000024918
0.0000024918
0.0000024917
0.0000024916
0.0000024916
0.0000024915
0.0000024914
0.0000024914
0.0000024913
0.0000024912
0.0000024912
0.0000024911
0.0000024910
0.0000024910
0.0000024909
0.0000024909
0.0000024908
0.0000024907
0.0000024907
0.0000024906
0.0000024905
0.0000024905
0.0000024904
0.0000024903
0.0000024903
0.0000024902
0.0000024901
0.0000024901
0.0000024900
0.0000024899
0.0000024899
0.0000024898
0.0000024897
0.0000024897
0.0000024896
0.0000024895
0.0000024895
0.0000024894
0.0000024893
0.0000024893
0.0000024892
0.0000024891
0.0000024891
0.0000024890
0.0000024889
0.0000024889
0.0000024888
0.0000024887
0.0000024887
0.0000024886
0.0000024885
0.0000024885
0.0000024884
0.0000024884
0.0000024883
0.0000024882
0.0000024882
0.0000024881
0.0000024880
0.0000024880
0.0000024879
0.0000024878
0.0000024878
0.0000024877
0.0000024876
0.0000024876
0.0000024875
0.0000024874
0.0000024874
0.0000024873
0.0000024872
0.0000024872
0.0000024871
0.0000024870
0.0000024870
0.0000024869
0.0000024868
0.0000024868
0.0000024867
0.0000024866
0.0000024866
0.0000024865
0.0000024864
0.0000024864
0.0000024863
0.0000024862
0.0000024862
0.0000024861
0.0000024861
0.0000024860
0.0000024859
0.0000024859
0.0000024858
0.0000024857
0.0000024857
0.0000024856
0.0000024855
0.0000024855
0.0000024854
0.0000024853
0.0000024853
0.0000024852
0.0000024851
0.0000024851
0.0000024850
0.0000024849
0.0000024849
0.0000024848
0.0000024847
0.0000024847
0.0000024846
0.0000024845
0.0000024845
0.0000024844
0.0000024843
0.0000024843
0.0000024842
0.0000024841
0.0000024841
0.0000024840
0.0000024840
0.0000024839
0.0000024838
0.0000024838
0.0000024837
0.0000024836
0.0000024836
0.0000024835
0.0000024834
0.0000024834
0.0000024833
0.0000024832
0.0000024832
0.0000024831
0.0000024830
0.0000024830
0.0000024829
0.0000024828
0.0000024828
0.0000024827
0.0000024826
0.0000024826
0.0000024825
0.0000024824
0.0000024824
0.0000024823
0.0000024822
0.0000024822
0.0000024821
0.0000024820
0.0000024820
0.0000024819
0.0000024819
0.0000024818
0.0000024817
0.0000024817
0.0000024816
0.0000024815
0.0000024815
0.0000024814
0.0000024813
0.0000024813
0.0000024812
0.0000024811
0.0000024811
0.0000024810
0.0000024809
0.0000024809
0.0000024808
0.0000024807
0.0000024807
0.0000024806
0.0000024805
0.0000024805
0.0000024804
0.0000024803
0.0000024803
0.0000024802
0.0000024801
0.0000024801
0.0000024800
0.0000024800
0.0000024799
0.0000024798
0.0000024798
0.0000024797
0.0000024796
0.0000024796
0.0000024795
0.0000024794
0.0000024794
0.0000024793
0.0000024792
0.0000024792
0.0000024791
0.0000024790
0.0000024790
0.0000024789
0.0000024788
0.0000024788
0.0000024787
0.0000024786
0.0000024786
0.0000024785
0.0000024784
0.0000024784
0.0000024783
0.0000024782
0.0000024782
0.0000024781
0.0000024781
0.0000024780
0.0000024779
0.0000024779
0.0000024778
0.0000024777
0.0000024777
0.0000024776
0.0000024775
0.0000024775
0.0000024774
0.0000024773
0.0000024773
0.0000024772
0.0000024771
0.0000024771
0.0000024770
0.0000024769
0.0000024769
0.0000024768
0.0000024767
0.0000024767
0.0000024766
0.0000024765
0.0000024765
0.0000024764
0.0000024764
0.0000024763
0.0000024762
0.0000024762
0.0000024761
0.0000024760
0.0000024760
0.0000024759
0.0000024758
0.0000024758
0.0000024757
0.0000024756
0.0000024756
0.0000024755
0.0000024754
0.0000024754
0.0000024753
0.0000024752
0.0000024752
0.0000024751
0.0000024750
0.0000024750
0.0000024749
0.0000024748
0.0000024748
0.0000024747
0.0000024747
0.0000024746
0.0000024745
0.0000024745
0.0000024744
0.0000024743
0.0000024743
0.0000024742
0.0000024741
0.0000024741
0.0000024740
0.0000024739
0.0000024739
0.0000024738
0.0000024737
0.0000024737
0.0000024736
0.0000024735
0.0000024735
0.0000024734
0.0000024733
0.0000024733
0.0000024732
0.0000024731
0.0000024731
0.0000024730
0.0000024730
0.0000024729
0.0000024728
0.0000024728
0.0000024727
0.0000024726
0.0000024726
0.0000024725
0.0000024724
0.0000024724
0.0000024723
0.0000024722
0.0000024722
0.0000024721
0.0000024720
0.0000024720
0.0000024719
0.0000024718
0.0000024718
0.0000024717
0.0000024716
0.0000024716
0.0000024715
0.0000024714
0.0000024714
0.0000024713
0.0000024713
0.0000024712
0.0000024711
0.0000024711
0.0000024710
0.0000024709
0.0000024709
0.0000024708
0.0000024707
0.0000024707
0.0000024706
0.0000024705
0.0000024705
0.0000024704
0.0000024703
0.0000024703
0.0000024702
0.0000024701
0.0000024701
0.0000024700
0.0000024699
0.0000024699
0.0000024698
0.0000024698
0.0000024697
0.0000024696
0.0000024696
0.0000024695
0.0000024694
0.0000024694
0.0000024693
0.0000024692
0.0000024692
0.0000024691
0.0000024690
0.0000024690
0.0000024689
0.0000024688
0.0000024688
0.0000024687
0.0000024686
0.0000024686
0.0000024685
0.0000024684
0.0000024684
0.0000024683
0.0000024683
0.0000024682
0.0000024681
0.0000024681
0.0000024680
0.0000024679
0.0000024679
0.0000024678
0.0000024677
0.0000024677
0.0000024676
0.0000024675
0.0000024675
0.0000024674
0.0000024673
0.0000024673
0.0000024672
0.0000024671
0.0000024671
0.0000024670
0.0000024670
0.0000024669
0.0000024668
0.0000024668
0.0000024667
0.0000024666
0.0000024666
0.0000024665
0.0000024664
0.0000024664
0.0000024663
0.0000024662
0.0000024662
0.0000024661
0.0000024660
0.0000024660
0.0000024659
0.0000024658
0.0000024658
0.0000024657
0.0000024656
0.0000024656
0.0000024655
0.0000024655
0.0000024654
0.0000024653
0.0000024653
0.0000024652
0.0000024651
0.0000024651
0.0000024650
0.0000024649
0.0000024649
0.0000024648
0.0000024647
0.0000024647
0.0000024646
0.0000024645
0.0000024645
0.0000024644
0.0000024643
0.0000024643
0.0000024642
0.0000024642
0.0000024641
0.0000024640
0.0000024640
0.0000024639
0.0000024638
0.0000024638
0.0000024637
0.0000024636
0.0000024636
0.0000024635
0.0000024634
0.0000024634
0.0000024633
0.0000024632
0.0000024632
0.0000024631
0.0000024630
0.0000024630
0.0000024629
0.0000024628
0.0000024628
0.0000024627
0.0000024627
0.0000024626
0.0000024625
0.0000024625
0.0000024624
0.0000024623
0.0000024623
0.0000024622
0.0000024621
0.0000024621
0.0000024620
0.0000024619
0.0000024619
0.0000024618
0.0000024617
0.0000024617
0.0000024616
0.0000024615
0.0000024615
0.0000024614
0.0000024614
0.0000024613
0.0000024612
0.0000024612
0.0000024611
0.0000024610
0.0000024610
0.0000024609
0.0000024608
0.0000024608
0.0000024607
0.0000024606
0.0000024606
0.0000024605
0.0000024604
0.0000024604
0.0000024603
0.0000024603
0.0000024602
0.0000024601
0.0000024601
0.0000024600
0.0000024599
0.0000024599
0.0000024598
0.0000024597
0.0000024597
0.0000024596
0.0000024595
0.0000024595
0.0000024594
0.0000024593
0.0000024593
0.0000024592
0.0000024591
0.0000024591
0.0000024590
0.0000024590
0.0000024589
0.0000024588
0.0000024588
0.0000024587
0.0000024586
0.0000024586
0.0000024585
0.0000024584
0.0000024584
0.0000024583
0.0000024582
0.0000024582
0.0000024581
0.0000024580
0.0000024580
0.0000024579
0.0000024578
0.0000024578
0.0000024577
0.0000024577
0.0000024576
0.0000024575
0.0000024575
0.0000024574
0.0000024573
0.0000024573
0.0000024572
0.0000024571
0.0000024571
0.0000024570
0.0000024569
0.0000024569
0.0000024568
0.0000024567
0.0000024567
0.0000024566
0.0000024566
0.0000024565
0.0000024564
0.0000024564
0.0000024563
0.0000024562
0.0000024562
0.0000024561
0.0000024560
0.0000024560
0.0000024559
0.0000024558
0.0000024558
0.0000024557
0.0000024556
0.0000024556
0.0000024555
0.0000024554
0.0000024554
0.0000024553
0.0000024553
0.0000024552
0.0000024551
0.0000024551
0.0000024550
0.0000024549
0.0000024549
0.0000024548
0.0000024547
0.0000024547
0.0000024546
0.0000024545
0.0000024545
0.0000024544
0.0000024543
0.0000024543
0.0000024542
0.0000024542
0.0000024541
0.0000024540
0.0000024540
0.0000024539
0.0000024538
0.0000024538
0.0000024537
0.0000024536
0.0000024536
0.0000024535
0.0000024534
0.0000024534
0.0000024533
0.0000024532
0.0000024532
0.0000024531
0.0000024531
0.0000024530
0.0000024529
0.0000024529
0.0000024528
0.0000024527
0.0000024527
0.0000024526
0.0000024525
0.0000024525
0.0000024524
0.0000024523
0.0000024523
0.0000024522
0.0000024521
0.0000024521
0.0000024520
0.0000024520
0.0000024519
0.0000024518
0.0000024518
0.0000024517
0.0000024516
0.0000024516
0.0000024515
0.0000024514
0.0000024514
0.0000024513
0.0000024512
0.0000024512
0.0000024511
0.0000024510
0.0000024510
0.0000024509
0.0000024509
0.0000024508
0.0000024507
0.0000024507
0.0000024506
0.0000024505
0.0000024505
0.0000024504
0.0000024503
0.0000024503
0.0000024502
0.0000024501
0.0000024501
0.0000024500
0.0000024499
0.0000024499
0.0000024498
0.0000024498
0.0000024497
0.0000024496
0.0000024496
0.0000024495
0.0000024494
0.0000024494
0.0000024493
0.0000024492
0.0000024492
0.0000024491
0.0000024490
0.0000024490
0.0000024489
0.0000024488
0.0000024488
0.0000024487
0.0000024487
0.0000024486
0.0000024485
0.0000024485
0.0000024484
0.0000024483
0.0000024483
0.0000024482
0.0000024481
0.0000024481
0.0000024480
0.0000024479
0.0000024479
0.0000024478
0.0000024477
0.0000024477
0.0000024476
0.0000024476
0.0000024475
0.0000024474
0.0000024474
0.0000024473
0.0000024472
0.0000024472
0.0000024471
0.0000024470
0.0000024470
0.0000024469
0.0000024468
0.0000024468
0.0000024467
0.0000024467
0.0000024466
0.0000024465
0.0000024465
0.0000024464
0.0000024463
0.0000024463
0.0000024462
0.0000024461
0.0000024461
0.0000024460
0.0000024459
0.0000024459
0.0000024458
0.0000024457
0.0000024457
0.0000024456
0.0000024456
0.0000024455
0.0000024454
0.0000024454
0.0000024453
0.0000024452
0.0000024452
0.0000024451
0.0000024450
0.0000024450
0.0000024449
0.0000024448
0.0000024448
0.0000024447
0.0000024447
0.0000024446
0.0000024445
0.0000024445
0.0000024444
0.0000024443
0.0000024443
0.0000024442
0.0000024441
0.0000024441
0.0000024440
0.0000024439
0.0000024439
0.0000024438
0.0000024437
0.0000024437
0.0000024436
0.0000024436
0.0000024435
0.0000024434
0.0000024434
0.0000024433
0.0000024432
0.0000024432
0.0000024431
0.0000024430
0.0000024430
0.0000024429
0.0000024428
0.0000024428
0.0000024427
0.0000024427
0.0000024426
0.0000024425
0.0000024425
0.0000024424
0.0000024423
0.0000024423
0.0000024422
0.0000024421
0.0000024421
0.0000024420
0.0000024419
0.0000024419
0.0000024418
0.0000024417
0.0000024417
0.0000024416
0.0000024416
0.0000024415
0.0000024414
0.0000024414
0.0000024413
0.0000024412
0.0000024412
0.0000024411
0.0000024410
0.0000024410
0.0000024409
0.0000024408
0.0000024408
0.0000024407
0.0000024407
0.0000024406
0.0000024405
0.0000024405
0.0000024404
0.0000024403
0.0000024403
0.0000024402
0.0000024401
0.0000024401
0.0000024400
0.0000024399
0.0000024399
0.0000024398
0.0000024398
0.0000024397
0.0000024396
0.0000024396
0.0000024395
0.0000024394
0.0000024394
0.0000024393
0.0000024392
0.0000024392
0.0000024391
0.0000024390
0.0000024390
0.0000024389
0.0000024389
0.0000024388
0.0000024387
0.0000024387
0.0000024386
0.0000024385
0.0000024385
0.0000024384
0.0000024383
0.0000024383
0.0000024382
0.0000024381
0.0000024381
0.0000024380
0.0000024380
0.0000024379
0.0000024378
0.0000024378
0.0000024377
0.0000024376
0.0000024376
0.0000024375
0.0000024374
0.0000024374
0.0000024373
0.0000024372
0.0000024372
0.0000024371
0.0000024371
0.0000024370
0.0000024369
0.0000024369
0.0000024368
0.0000024367
0.0000024367
0.0000024366
0.0000024365
0.0000024365
0.0000024364
0.0000024363
0.0000024363
0.0000024362
0.0000024362
0.0000024361
0.0000024360
0.0000024360
0.0000024359
0.0000024358
0.0000024358
0.0000024357
0.0000024356
0.0000024356
0.0000024355
0.0000024354
0.0000024354
0.0000024353
0.0000024353
0.0000024352
0.0000024351
0.0000024351
0.0000024350
0.0000024349
0.0000024349
0.0000024348
0.0000024347
0.0000024347
0.0000024346
0.0000024345
0.0000024345
0.0000024344
0.0000024344
0.0000024343
0.0000024342
0.0000024342
0.0000024341
0.0000024340
0.0000024340
0.0000024339
0.0000024338
0.0000024338
0.0000024337
0.0000024336
0.0000024336
0.0000024335
0.0000024335
0.0000024334
0.0000024333
0.0000024333
0.0000024332
0.0000024331
0.0000024331
0.0000024330
0.0000024329
0.0000024329
0.0000024328
0.0000024327
0.0000024327
0.0000024326
0.0000024326
0.0000024325
0.0000024324
0.0000024324
0.0000024323
0.0000024322
0.0000024322
0.0000024321
0.0000024320
0.0000024320
0.0000024319
0.0000024318
0.0000024318
0.0000024317
0.0000024317
0.0000024316
0.0000024315
0.0000024315
0.0000024314
0.0000024313
0.0000024313
0.0000024312
0.0000024311
0.0000024311
0.0000024310
0.0000024310
0.0000024309
0.0000024308
0.0000024308
0.0000024307
0.0000024306
0.0000024306
0.0000024305
0.0000024304
0.0000024304
0.0000024303
0.0000024302
0.0000024302
0.0000024301
0.0000024301
0.0000024300
0.0000024299
0.0000024299
0.0000024298
0.0000024297
0.0000024297
0.0000024296
0.0000024295
0.0000024295
0.0000024294
0.0000024293
0.0000024293
0.0000024292
0.0000024292
0.0000024291
0.0000024290
0.0000024290
0.0000024289
0.0000024288
0.0000024288
0.0000024287
0.0000024286
0.0000024286
0.0000024285
0.0000024285
0.0000024284
0.0000024283
0.0000024283
0.0000024282
0.0000024281
0.0000024281
0.0000024280
0.0000024279
0.0000024279
0.0000024278
0.0000024277
0.0000024277
0.0000024276
0.0000024276
0.0000024275
0.0000024274
0.0000024274
0.0000024273
0.0000024272
0.0000024272
0.0000024271
0.0000024270
0.0000024270
0.0000024269
0.0000024269
0.0000024268
0.0000024267
0.0000024267
0.0000024266
0.0000024265
0.0000024265
0.0000024264
0.0000024263
0.0000024263
0.0000024262
0.0000024261
0.0000024261
0.0000024260
0.0000024260
0.0000024259
0.0000024258
0.0000024258
0.0000024257
0.0000024256
0.0000024256
0.0000024255
0.0000024254
0.0000024254
0.0000024253
0.0000024253
0.0000024252
0.0000024251
0.0000024251
0.0000024250
0.0000024249
0.0000024249
0.0000024248
0.0000024247
0.0000024247
0.0000024246
0.0000024245
0.0000024245
0.0000024244
0.0000024244
0.0000024243
0.0000024242
0.0000024242
0.0000024241
0.0000024240
0.0000024240
0.0000024239
0.0000024238
0.0000024238
0.0000024237
0.0000024237
0.0000024236
0.0000024235
0.0000024235
0.0000024234
0.0000024233
0.0000024233
0.0000024232
0.0000024231
0.0000024231
0.0000024230
0.0000024230
0.0000024229
0.0000024228
0.0000024228
0.0000024227
0.0000024226
0.0000024226
0.0000024225
0.0000024224
0.0000024224
0.0000024223
0.0000024222
0.0000024222
0.0000024221
0.0000024221
0.0000024220
0.0000024219
0.0000024219
0.0000024218
0.0000024217
0.0000024217
0.0000024216
0.0000024215
0.0000024215
0.0000024214
0.0000024214
0.0000024213
0.0000024212
0.0000024212
0.0000024211
0.0000024210
0.0000024210
0.0000024209
0.0000024208
0.0000024208
0.0000024207
0.0000024207
0.0000024206
0.0000024205
0.0000024205
0.0000024204
0.0000024203
0.0000024203
0.0000024202
0.0000024201
0.0000024201
0.0000024200
0.0000024199
0.0000024199
0.0000024198
0.0000024198
0.0000024197
0.0000024196
0.0000024196
0.0000024195
0.0000024194
0.0000024194
0.0000024193
0.0000024192
0.0000024192
0.0000024191
0.0000024191
0.0000024190
0.0000024189
0.0000024189
0.0000024188
0.0000024187
0.0000024187
0.0000024186
0.0000024185
0.0000024185
0.0000024184
0.0000024184
0.0000024183
0.0000024182
0.0000024182
0.0000024181
0.0000024180
0.0000024180
0.0000024179
0.0000024178
0.0000024178
0.0000024177
0.0000024177
0.0000024176
0.0000024175
0.0000024175
0.0000024174
0.0000024173
0.0000024173
0.0000024172
0.0000024171
0.0000024171
0.0000024170
0.0000024170
0.0000024169
0.0000024168
0.0000024168
0.0000024167
0.0000024166
0.0000024166
0.0000024165
0.0000024164
0.0000024164
0.0000024163
0.0000024163
0.0000024162
0.0000024161
0.0000024161
0.0000024160
0.0000024159
0.0000024159
0.0000024158
0.0000024157
0.0000024157
0.0000024156
0.0000024156
0.0000024155
0.0000024154
0.0000024154
0.0000024153
0.0000024152
0.0000024152
0.0000024151
0.0000024150
0.0000024150
0.0000024149
0.0000024149
0.0000024148
0.0000024147
0.0000024147
0.0000024146
0.0000024145
0.0000024145
0.0000024144
0.0000024143
0.0000024143
0.0000024142
0.0000024142
0.0000024141
0.0000024140
0.0000024140
0.0000024139
0.0000024138
0.0000024138
0.0000024137
0.0000024136
0.0000024136
0.0000024135
0.0000024135
0.0000024134
0.0000024133
0.0000024133
0.0000024132
0.0000024131
0.0000024131
0.0000024130
0.0000024129
0.0000024129
0.0000024128
0.0000024128
0.0000024127
0.0000024126
0.0000024126
0.0000024125
0.0000024124
0.0000024124
0.0000024123
0.0000024122
0.0000024122
0.0000024121
0.0000024121
0.0000024120
0.0000024119
0.0000024119
0.0000024118
0.0000024117
0.0000024117
0.0000024116
0.0000024115
0.0000024115
0.0000024114
0.0000024114
0.0000024113
0.0000024112
0.0000024112
0.0000024111
0.0000024110
0.0000024110
0.0000024109
0.0000024108
0.0000024108
0.0000024107
0.0000024107
0.0000024106
0.0000024105
0.0000024105
0.0000024104
0.0000024103
0.0000024103
0.0000024102
0.0000024101
0.0000024101
0.0000024100
0.0000024100
0.0000024099
0.0000024098
0.0000024098
0.0000024097
0.0000024096
0.0000024096
0.0000024095
0.0000024094
0.0000024094
0.0000024093
0.0000024093
0.0000024092
0.0000024091
0.0000024091
0.0000024090
0.0000024089
0.0000024089
0.0000024088
0.0000024087
0.0000024087
0.0000024086
0.0000024086
0.0000024085
0.0000024084
0.0000024084
0.0000024083
0.0000024082
0.0000024082
0.0000024081
0.0000024080
0.0000024080
0.0000024079
0.0000024079
0.0000024078
0.0000024077
0.0000024077
0.0000024076
0.0000024075
0.0000024075
0.0000024074
0.0000024074
0.0000024073
0.0000024072
0.0000024072
0.0000024071
0.0000024070
0.0000024070
0.0000024069
0.0000024068
0.0000024068
0.0000024067
0.0000024067
0.0000024066
0.0000024065
0.0000024065
0.0000024064
0.0000024063
0.0000024063
0.0000024062
0.0000024061
0.0000024061
0.0000024060
0.0000024060
0.0000024059
0.0000024058
0.0000024058
0.0000024057
0.0000024056
0.0000024056
0.0000024055
0.0000024054
0.0000024054
0.0000024053
0.0000024053
0.0000024052
0.0000024051
0.0000024051
0.0000024050
0.0000024049
0.0000024049
0.0000024048
0.0000024048
0.0000024047
0.0000024046
0.0000024046
0.0000024045
0.0000024044
0.0000024044
0.0000024043
0.0000024042
0.0000024042
0.0000024041
0.0000024041
0.0000024040
0.0000024039
0.0000024039
0.0000024038
0.0000024037
0.0000024037
0.0000024036
0.0000024035
0.0000024035
0.0000024034
0.0000024034
0.0000024033
0.0000024032
0.0000024032
0.0000024031
0.0000024030
0.0000024030
0.0000024029
0.0000024029
0.0000024028
0.0000024027
0.0000024027
0.0000024026
0.0000024025
0.0000024025
0.0000024024
0.0000024023
0.0000024023
0.0000024022
0.0000024022
0.0000024021
0.0000024020
0.0000024020
0.0000024019
0.0000024018
0.0000024018
0.0000024017
0.0000024016
0.0000024016
0.0000024015
0.0000024015
0.0000024014
0.0000024013
0.0000024013
0.0000024012
0.0000024011
0.0000024011
0.0000024010
0.0000024010
0.0000024009
0.0000024008
0.0000024008
0.0000024007
0.0000024006
0.0000024006
0.0000024005
0.0000024004
0.0000024004
0.0000024003
0.0000024003
0.0000024002
0.0000024001
0.0000024001
0.0000024000
0.0000023999
0.0000023999
0.0000023998
0.0000023997
0.0000023997
0.0000023996
0.0000023996
0.0000023995
0.0000023994
0.0000023994
0.0000023993
0.0000023992
0.0000023992
0.0000023991
0.0000023991
0.0000023990
0.0000023989
0.0000023989
0.0000023988
0.0000023987
0.0000023987
0.0000023986
0.0000023985
0.0000023985
0.0000023984
0.0000023984
0.0000023983
0.0000023982
0.0000023982
0.0000023981
0.0000023980
0.0000023980
0.0000023979
0.0000023979
0.0000023978
0.0000023977
0.0000023977
0.0000023976
0.0000023975
0.0000023975
0.0000023974
0.0000023973
0.0000023973
0.0000023972
0.0000023972
0.0000023971
0.0000023970
0.0000023970
0.0000023969
0.0000023968
0.0000023968
0.0000023967
0.0000023967
0.0000023966
0.0000023965
0.0000023965
0.0000023964
0.0000023963
0.0000023963
0.0000023962
0.0000023961
0.0000023961
0.0000023960
0.0000023960
0.0000023959
0.0000023958
0.0000023958
0.0000023957
0.0000023956
0.0000023956
0.0000023955
0.0000023955
0.0000023954
0.0000023953
0.0000023953
0.0000023952
0.0000023951
0.0000023951
0.0000023950
0.0000023949
0.0000023949
0.0000023948
0.0000023948
0.0000023947
0.0000023946
0.0000023946
0.0000023945
0.0000023944
0.0000023944
0.0000023943
0.0000023943
0.0000023942
0.0000023941
0.0000023941
0.0000023940
0.0000023939
0.0000023939
0.0000023938
0.0000023938
0.0000023937
0.0000023936
0.0000023936
0.0000023935
0.0000023934
0.0000023934
0.0000023933
0.0000023932
0.0000023932
0.0000023931
0.0000023931
0.0000023930
0.0000023929
0.0000023929
0.0000023928
0.0000023927
0.0000023927
0.0000023926
0.0000023926
0.0000023925
0.0000023924
0.0000023924
0.0000023923
0.0000023922
0.0000023922
0.0000023921
0.0000023920
0.0000023920
0.0000023919
0.0000023919
0.0000023918
0.0000023917
0.0000023917
0.0000023916
0.0000023915
0.0000023915
0.0000023914
0.0000023914
0.0000023913
0.0000023912
0.0000023912
0.0000023911
0.0000023910
0.0000023910
0.0000023909
0.0000023909
0.0000023908
0.0000023907
0.0000023907
0.0000023906
0.0000023905
0.0000023905
0.0000023904
0.0000023903
0.0000023903
0.0000023902
0.0000023902
0.0000023901
0.0000023900
0.0000023900
0.0000023899
0.0000023898
0.0000023898
0.0000023897
0.0000023897
0.0000023896
0.0000023895
0.0000023895
0.0000023894
0.0000023893
0.0000023893
0.0000023892
0.0000023892
0.0000023891
0.0000023890
0.0000023890
0.0000023889
0.0000023888
0.0000023888
0.0000023887
0.0000023886
0.0000023886
0.0000023885
0.0000023885
0.0000023884
0.0000023883
0.0000023883
0.0000023882
0.0000023881
0.0000023881
0.0000023880
0.0000023880
0.0000023879
0.0000023878
0.0000023878
0.0000023877
0.0000023876
0.0000023876
0.0000023875
0.0000023875
0.0000023874
0.0000023873
0.0000023873
0.0000023872
0.0000023871
0.0000023871
0.0000023870
0.0000023869
0.0000023869
0.0000023868
0.0000023868
0.0000023867
0.0000023866
0.0000023866
0.0000023865
0.0000023864
0.0000023864
0.0000023863
0.0000023863
0.0000023862
0.0000023861
0.0000023861
0.0000023860
0.0000023859
0.0000023859
0.0000023858
0.0000023858
0.0000023857
0.0000023856
0.0000023856
0.0000023855
0.0000023854
0.0000023854
0.0000023853
0.0000023853
0.0000023852
0.0000023851
0.0000023851
0.0000023850
0.0000023849
0.0000023849
0.0000023848
0.0000023848
0.0000023847
0.0000023846
0.0000023846
0.0000023845
0.0000023844
0.0000023844
0.0000023843
0.0000023842
0.0000023842
0.0000023841
0.0000023841
0.0000023840
0.0000023839
0.0000023839
0.0000023838
0.0000023837
0.0000023837
0.0000023836
0.0000023836
0.0000023835
0.0000023834
0.0000023834
0.0000023833
0.0000023832
0.0000023832
0.0000023831
0.0000023831
0.0000023830
0.0000023829
0.0000023829
0.0000023828
0.0000023827
0.0000023827
0.0000023826
0.0000023826
0.0000023825
0.0000023824
0.0000023824
0.0000023823
0.0000023822
0.0000023822
0.0000023821
0.0000023821
0.0000023820
0.0000023819
0.0000023819
0.0000023818
0.0000023817
0.0000023817
0.0000023816
0.0000023815
0.0000023815
0.0000023814
0.0000023814
0.0000023813
0.0000023812
0.0000023812
0.0000023811
0.0000023810
0.0000023810
0.0000023809
0.0000023809
0.0000023808
0.0000023807
0.0000023807
0.0000023806
0.0000023805
0.0000023805
0.0000023804
0.0000023804
0.0000023803
0.0000023802
0.0000023802
0.0000023801
0.0000023800
0.0000023800
0.0000023799
0.0000023799
0.0000023798
0.0000023797
0.0000023797
0.0000023796
0.0000023795
0.0000023795
0.0000023794
0.0000023794
0.0000023793
0.0000023792
0.0000023792
0.0000023791
0.0000023790
0.0000023790
0.0000023789
0.0000023789
0.0000023788
0.0000023787
0.0000023787
0.0000023786
0.0000023785
0.0000023785
0.0000023784
0.0000023784
0.0000023783
0.0000023782
0.0000023782
0.0000023781
0.0000023780
0.0000023780
0.0000023779
0.0000023779
0.0000023778
0.0000023777
0.0000023777
0.0000023776
0.0000023775
0.0000023775
0.0000023774
0.0000023774
0.0000023773
0.0000023772
0.0000023772
0.0000023771
0.0000023770
0.0000023770
0.0000023769
0.0000023769
0.0000023768
0.0000023767
0.0000023767
0.0000023766
0.0000023765
0.0000023765
0.0000023764
0.0000023763
0.0000023763
0.0000023762
0.0000023762
0.0000023761
0.0000023760
0.0000023760
0.0000023759
0.0000023758
0.0000023758
0.0000023757
0.0000023757
0.0000023756
0.0000023755
0.0000023755
0.0000023754
0.0000023753
0.0000023753
0.0000023752
0.0000023752
0.0000023751
0.0000023750
0.0000023750
0.0000023749
0.0000023748
0.0000023748
0.0000023747
0.0000023747
0.0000023746
0.0000023745
0.0000023745
0.0000023744
0.0000023743
0.0000023743
0.0000023742
0.0000023742
0.0000023741
0.0000023740
0.0000023740
0.0000023739
0.0000023738
0.0000023738
0.0000023737
0.0000023737
0.0000023736
0.0000023735
0.0000023735
0.0000023734
0.0000023733
0.0000023733
0.0000023732
0.0000023732
0.0000023731
0.0000023730
0.0000023730
0.0000023729
0.0000023728
0.0000023728
0.0000023727
0.0000023727
0.0000023726
0.0000023725
0.0000023725
0.0000023724
0.0000023723
0.0000023723
0.0000023722
0.0000023722
0.0000023721
0.0000023720
0.0000023720
0.0000023719
0.0000023718
0.0000023718
0.0000023717
0.0000023717
0.0000023716
0.0000023715
0.0000023715
0.0000023714
0.0000023713
0.0000023713
0.0000023712
0.0000023712
0.0000023711
0.0000023710
0.0000023710
0.0000023709
0.0000023708
0.0000023708
0.0000023707
0.0000023707
0.0000023706
0.0000023705
0.0000023705
0.0000023704
0.0000023704
0.0000023703
0.0000023702
0.0000023702
0.0000023701
0.0000023700
0.0000023700
0.0000023699
0.0000023699
0.0000023698
0.0000023697
0.0000023697
0.0000023696
0.0000023695
0.0000023695
0.0000023694
0.0000023694
0.0000023693
0.0000023692
0.0000023692
0.0000023691
0.0000023690
0.0000023690
0.0000023689
0.0000023689
0.0000023688
0.0000023687
0.0000023687
0.0000023686
0.0000023685
0.0000023685
0.0000023684
0.0000023684
0.0000023683
0.0000023682
0.0000023682
0.0000023681
0.0000023680
0.0000023680
0.0000023679
0.0000023679
0.0000023678
0.0000023677
0.0000023677
0.0000023676
0.0000023675
0.0000023675
0.0000023674
0.0000023674
0.0000023673
0.0000023672
0.0000023672
0.0000023671
0.0000023670
0.0000023670
0.0000023669
0.0000023669
0.0000023668
0.0000023667
0.0000023667
0.0000023666
0.0000023665
0.0000023665
0.0000023664
0.0000023664
0.0000023663
0.0000023662
0.0000023662
0.0000023661
0.0000023660
0.0000023660
0.0000023659
0.0000023659
0.0000023658
0.0000023657
0.0000023657
0.0000023656
0.0000023656
0.0000023655
0.0000023654
0.0000023654
0.0000023653
0.0000023652
0.0000023652
0.0000023651
0.0000023651
0.0000023650
0.0000023649
0.0000023649
0.0000023648
0.0000023647
0.0000023647
0.0000023646
0.0000023646
0.0000023645
0.0000023644
0.0000023644
0.0000023643
0.0000023642
0.0000023642
0.0000023641
0.0000023641
0.0000023640
0.0000023639
0.0000023639
0.0000023638
0.0000023637
0.0000023637
0.0000023636
0.0000023636
0.0000023635
0.0000023634
0.0000023634
0.0000023633
0.0000023632
0.0000023632
0.0000023631
0.0000023631
0.0000023630
0.0000023629
0.0000023629
0.0000023628
0.0000023627
0.0000023627
0.0000023626
0.0000023626
0.0000023625
0.0000023624
0.0000023624
0.0000023623
0.0000023623
0.0000023622
0.0000023621
0.0000023621
0.0000023620
0.0000023619
0.0000023619
0.0000023618
0.0000023618
0.0000023617
0.0000023616
0.0000023616
0.0000023615
0.0000023614
0.0000023614
0.0000023613
0.0000023613
0.0000023612
0.0000023611
0.0000023611
0.0000023610
0.0000023609
0.0000023609
0.0000023608
0.0000023608
0.0000023607
0.0000023606
0.0000023606
0.0000023605
0.0000023605
0.0000023604
0.0000023603
0.0000023603
0.0000023602
0.0000023601
0.0000023601
0.0000023600
0.0000023600
0.0000023599
0.0000023598
0.0000023598
0.0000023597
0.0000023596
0.0000023596
0.0000023595
0.0000023595
0.0000023594
0.0000023593
0.0000023593
0.0000023592
0.0000023591
0.0000023591
0.0000023590
0.0000023590
0.0000023589
0.0000023588
0.0000023588
0.0000023587
0.0000023586
0.0000023586
0.0000023585
0.0000023585
0.0000023584
0.0000023583
0.0000023583
0.0000023582
0.0000023582
0.0000023581
0.0000023580
0.0000023580
0.0000023579
0.0000023578
0.0000023578
0.0000023577
0.0000023577
0.0000023576
0.0000023575
0.0000023575
0.0000023574
0.0000023573
0.0000023573
0.0000023572
0.0000023572
0.0000023571
0.0000023570
0.0000023570
0.0000023569
0.0000023568
0.0000023568
0.0000023567
0.0000023567
0.0000023566
0.0000023565
0.0000023565
0.0000023564
0.0000023564
0.0000023563
0.0000023562
0.0000023562
0.0000023561
0.0000023560
0.0000023560
0.0000023559
0.0000023559
0.0000023558
0.0000023557
0.0000023557
0.0000023556
0.0000023555
0.0000023555
0.0000023554
0.0000023554
0.0000023553
0.0000023552
0.0000023552
0.0000023551
0.0000023551
0.0000023550
0.0000023549
0.0000023549
0.0000023548
0.0000023547
0.0000023547
0.0000023546
0.0000023546
0.0000023545
0.0000023544
0.0000023544
0.0000023543
0.0000023542
0.0000023542
0.0000023541
0.0000023541
0.0000023540
0.0000023539
0.0000023539
0.0000023538
0.0000023538
0.0000023537
0.0000023536
0.0000023536
0.0000023535
0.0000023534
0.0000023534
0.0000023533
0.0000023533
0.0000023532
0.0000023531
0.0000023531
0.0000023530
0.0000023529
0.0000023529
0.0000023528
0.0000023528
0.0000023527
0.0000023526
0.0000023526
0.0000023525
0.0000023525
0.0000023524
0.0000023523
0.0000023523
0.0000023522
0.0000023521
0.0000023521
0.0000023520
0.0000023520
0.0000023519
0.0000023518
0.0000023518
0.0000023517
0.0000023516
0.0000023516
0.0000023515
0.0000023515
0.0000023514
0.0000023513
0.0000023513
0.0000023512
0.0000023512
0.0000023511
0.0000023510
0.0000023510
0.0000023509
0.0000023508
0.0000023508
0.0000023507
0.0000023507
0.0000023506
0.0000023505
0.0000023505
0.0000023504
0.0000023503
0.0000023503
0.0000023502
0.0000023502
0.0000023501
0.0000023500
0.0000023500
0.0000023499
0.0000023499
0.0000023498
0.0000023497
0.0000023497
0.0000023496
0.0000023495
0.0000023495
0.0000023494
0.0000023494
0.0000023493
0.0000023492
0.0000023492
0.0000023491
0.0000023490
0.0000023490
0.0000023489
0.0000023489
0.0000023488
0.0000023487
0.0000023487
0.0000023486
0.0000023486
0.0000023485
0.0000023484
0.0000023484
0.0000023483
0.0000023482
0.0000023482
0.0000023481
0.0000023481
0.0000023480
0.0000023479
0.0000023479
0.0000023478
0.0000023478
0.0000023477
0.0000023476
0.0000023476
0.0000023475
0.0000023474
0.0000023474
0.0000023473
0.0000023473
0.0000023472
0.0000023471
0.0000023471
0.0000023470
0.0000023469
0.0000023469
0.0000023468
0.0000023468
0.0000023467
0.0000023466
0.0000023466
0.0000023465
0.0000023465
0.0000023464
0.0000023463
0.0000023463
0.0000023462
0.0000023461
0.0000023461
0.0000023460
0.0000023460
0.0000023459
0.0000023458
0.0000023458
0.0000023457
0.0000023457
0.0000023456
0.0000023455
0.0000023455
0.0000023454
0.0000023453
0.0000023453
0.0000023452
0.0000023452
0.0000023451
0.0000023450
0.0000023450
0.0000023449
0.0000023448
0.0000023448
0.0000023447
0.0000023447
0.0000023446
0.0000023445
0.0000023445
0.0000023444
0.0000023444
0.0000023443
0.0000023442
0.0000023442
0.0000023441
0.0000023440
0.0000023440
0.0000023439
0.0000023439
0.0000023438
0.0000023437
0.0000023437
0.0000023436
0.0000023436
0.0000023435
0.0000023434
0.0000023434
0.0000023433
0.0000023432
0.0000023432
0.0000023431
0.0000023431
0.0000023430
0.0000023429
0.0000023429
0.0000023428
0.0000023428
0.0000023427
0.0000023426
0.0000023426
0.0000023425
0.0000023424
0.0000023424
0.0000023423
0.0000023423
0.0000023422
0.0000023421
0.0000023421
0.0000023420
0.0000023420
0.0000023419
0.0000023418
0.0000023418
0.0000023417
0.0000023416
0.0000023416
0.0000023415
0.0000023415
0.0000023414
0.0000023413
0.0000023413
0.0000023412
0.0000023412
0.0000023411
0.0000023410
0.0000023410
0.0000023409
0.0000023408
0.0000023408
0.0000023407
0.0000023407
0.0000023406
0.0000023405
0.0000023405
0.0000023404
0.0000023404
0.0000023403
0.0000023402
0.0000023402
0.0000023401
0.0000023400
0.0000023400
0.0000023399
0.0000023399
0.0000023398
0.0000023397
0.0000023397
0.0000023396
0.0000023396
0.0000023395
0.0000023394
0.0000023394
0.0000023393
0.0000023392
0.0000023392
0.0000023391
0.0000023391
0.0000023390
0.0000023389
0.0000023389
0.0000023388
0.0000023388
0.0000023387
0.0000023386
0.0000023386
0.0000023385
0.0000023384
0.0000023384
0.0000023383
0.0000023383
0.0000023382
0.0000023381
0.0000023381
0.0000023380
0.0000023380
0.0000023379
0.0000023378
0.0000023378
0.0000023377
0.0000023376
0.0000023376
0.0000023375
0.0000023375
0.0000023374
0.0000023373
0.0000023373
0.0000023372
0.0000023372
0.0000023371
0.0000023370
0.0000023370
0.0000023369
0.0000023368
0.0000023368
0.0000023367
0.0000023367
0.0000023366
0.0000023365
0.0000023365
0.0000023364
0.0000023364
0.0000023363
0.0000023362
0.0000023362
