0.000000 0.000000 0.000000 0.000000 0.000000 0.000000 0.000000 0.000000 0.000000 0.000000 0.000000 0.000000 0.000000 0.000000 0.000000 0.000000 0.000000 0.000000 0.000000 0.000000 0.000000 
0.000000 0.013019 0.016482 0.017949 0.019049 0.019537 0.019588 0.019275 0.018661 0.017799 0.016727 0.015480 0.014085 0.012567 0.010947 0.009243 0.007471 0.005648 0.003786 0.001899 0.000000 
0.000000 0.024671 0.039473 0.044503 0.043594 0.043016 0.042456 0.041247 0.039570 0.037479 0.035034 0.032286 0.029280 0.026056 0.022649 0.019092 0.015413 0.011640 0.007798 0.003910 0.000000 
0.000000 0.035142 0.060403 0.075903 0.081763 0.077696 0.071166 0.067436 0.064203 0.060345 0.056069 0.051416 0.046440 0.041189 0.035707 0.030033 0.024204 0.018256 0.012219 0.006124 0.000000 
0.000000 0.044540 0.079192 0.104069 0.119278 0.124920 0.121134 0.107280 0.094471 0.086977 0.080500 0.073453 0.066078 0.058407 0.050488 0.042366 0.034080 0.025667 0.017162 0.008596 0.000000 
0.000000 0.052924 0.095969 0.129254 0.152899 0.167015 0.171714 0.167095 0.153329 0.129441 0.110055 0.098446 0.088389 0.077852 0.067106 0.056175 0.045099 0.033914 0.022650 0.011337 0.000000 
0.000000 0.060223 0.110586 0.151226 0.182281 0.203885 0.216170 0.219263 0.213287 0.198352 0.174667 0.140950 0.115022 0.099171 0.085405 0.071286 0.057103 0.042863 0.028589 0.014298 0.000000 
0.000000 0.066275 0.122714 0.169481 0.206739 0.234651 0.253378 0.263079 0.263913 0.256032 0.239587 0.214711 0.181667 0.138908 0.106899 0.086963 0.069631 0.052111 0.034688 0.017325 0.000000 
0.000000 0.070859 0.131908 0.183338 0.225342 0.258113 0.281848 0.296744 0.303002 0.300828 0.290428 0.272010 0.245784 0.211943 0.170840 0.120752 0.083845 0.060495 0.040244 0.020019 0.000000 
0.000000 0.073737 0.137686 0.192059 0.237073 0.272947 0.299908 0.318190 0.328038 0.329708 0.323474 0.309625 0.288477 0.260368 0.225665 0.184752 0.138223 0.084470 0.045574 0.020855 0.000000 
0.000000 0.074722 0.139664 0.195047 0.241096 0.278044 0.306129 0.325601 0.336727 0.339789 0.335097 0.322995 0.303870 0.278170 0.246431 0.209310 0.167650 0.122532 0.075874 0.025949 0.000000 
0.000000 0.073737 0.137686 0.192059 0.237073 0.272947 0.299908 0.318190 0.328038 0.329708 0.323474 0.309626 0.288477 0.260368 0.225666 0.184752 0.138224 0.084470 0.045574 0.020855 0.000000 
0.000000 0.070859 0.131908 0.183338 0.225342 0.258114 0.281848 0.296744 0.303003 0.300829 0.290428 0.272011 0.245785 0.211944 0.170841 0.120753 0.083846 0.060496 0.040245 0.020019 0.000000 
0.000000 0.066275 0.122715 0.169482 0.206740 0.234651 0.253378 0.263080 0.263913 0.256033 0.239588 0.214712 0.181669 0.138909 0.106900 0.086964 0.069631 0.052112 0.034689 0.017326 0.000000 
0.000000 0.060223 0.110586 0.151226 0.182281 0.203886 0.216171 0.219264 0.213289 0.198353 0.174668 0.140952 0.115024 0.099172 0.085407 0.071286 0.057104 0.042863 0.028590 0.014298 0.000000 
0.000000 0.052924 0.095969 0.129255 0.152899 0.167016 0.171715 0.167097 0.153330 0.129443 0.110057 0.098447 0.088390 0.077853 0.067107 0.056176 0.045099 0.033914 0.022651 0.011338 0.000000 
0.000000 0.044540 0.079193 0.104070 0.119279 0.124921 0.121135 0.107282 0.094473 0.086979 0.080501 0.073454 0.066079 0.058408 0.050489 0.042367 0.034081 0.025668 0.017162 0.008596 0.000000 
0.000000 0.035142 0.060404 0.075904 0.081764 0.077697 0.071167 0.067437 0.064205 0.060346 0.056070 0.051417 0.046441 0.041190 0.035707 0.030033 0.024205 0.018256 0.012219 0.006124 0.000000 
0.000000 0.024671 0.039473 0.044504 0.043595 0.043017 0.042457 0.041248 0.039571 0.037480 0.035035 0.032287 0.029281 0.026056 0.022649 0.019092 0.015413 0.011640 0.007798 0.003910 0.000000 
0.000000 0.013019 0.016483 0.017950 0.019049 0.019538 0.019589 0.019275 0.018662 0.017799 0.016727 0.015480 0.014085 0.012567 0.010947 0.009243 0.007472 0.005648 0.003786 0.001899 0.000000 
0.000000 0.000000 0.000000 0.000000 0.000000 0.000000 0.000000 0.000000 0.000000 0.000000 0.000000 0.000000 0.000000 0.000000 0.000000 0.000000 0.000000 0.000000 0.000000 0.000000 0.000000 