0.000000 0.000000 0.000000 0.000000 0.000000 0.000000 0.000000 0.000000 0.000000 0.000000 0.000000 
0.000000 0.051182 0.065402 0.065097 0.061688 0.055178 0.046489 0.036173 0.024717 0.012535 0.000000 
0.000000 0.093267 0.147842 0.164849 0.151303 0.129957 0.107626 0.082616 0.055965 0.028241 0.000000 
0.000000 0.123577 0.208395 0.255674 0.266602 0.241671 0.192873 0.143836 0.096877 0.048594 0.000000 
0.000000 0.142718 0.246813 0.313663 0.344646 0.341144 0.304597 0.235290 0.149700 0.071750 0.000000 
0.000000 0.149476 0.260452 0.334459 0.373087 0.378035 0.351182 0.294681 0.211377 0.101778 0.000000 
0.000000 0.142719 0.246814 0.313664 0.344648 0.341146 0.304600 0.235293 0.149703 0.071752 0.000000 
0.000000 0.123578 0.208397 0.255676 0.266605 0.241676 0.192878 0.143840 0.096879 0.048595 0.000000 
0.000000 0.093268 0.147844 0.164854 0.151308 0.129962 0.107629 0.082619 0.055967 0.028242 0.000000 
0.000000 0.051184 0.065405 0.065100 0.061691 0.055180 0.046491 0.036175 0.024718 0.012535 0.000000 
0.000000 0.000000 0.000000 0.000000 0.000000 0.000000 0.000000 0.000000 0.000000 0.000000 0.000000 