0.000000 0.000000 0.000000 0.000000 0.000000 0.000000 0.000000 0.000000 0.000000 0.000000 0.000000 0.000000 0.000000 0.000000 0.000000 0.000000 0.000000 0.000000 0.000000 0.000000 0.000000 0.000000 0.000000 0.000000 0.000000 0.000000 0.000000 0.000000 0.000000 0.000000 0.000000 0.000000 0.000000 0.000000 0.000000 0.000000 0.000000 0.000000 0.000000 0.000000 0.000000 
0.000000 0.003021 0.003701 0.004181 0.004619 0.004947 0.005199 0.005387 0.005520 0.005608 0.005656 0.005671 0.005655 0.005613 0.005547 0.005460 0.005353 0.005230 0.005091 0.004938 0.004772 0.004594 0.004406 0.004208 0.004001 0.003785 0.003563 0.003334 0.003099 0.002859 0.002613 0.002364 0.002110 0.001854 0.001594 0.001332 0.001068 0.000802 0.000536 0.000268 0.000000 
0.000000 0.005881 0.009270 0.010154 0.010214 0.010589 0.010980 0.011257 0.011451 0.011569 0.011620 0.011611 0.011549 0.011438 0.011284 0.011091 0.010862 0.010601 0.010310 0.009992 0.009650 0.009285 0.008899 0.008495 0.008074 0.007637 0.007186 0.006722 0.006247 0.005761 0.005265 0.004762 0.004251 0.003733 0.003210 0.002682 0.002150 0.001615 0.001078 0.000539 0.000000 
0.000000 0.008681 0.014876 0.018600 0.019871 0.018529 0.017784 0.017882 0.018065 0.018134 0.018123 0.018034 0.017876 0.017655 0.017376 0.017044 0.016663 0.016238 0.015771 0.015268 0.014730 0.014160 0.013562 0.012937 0.012288 0.011616 0.010925 0.010215 0.009489 0.008748 0.007993 0.007226 0.006449 0.005663 0.004868 0.004067 0.003260 0.002449 0.001634 0.000818 0.000000 
0.000000 0.011358 0.020227 0.026619 0.030545 0.032016 0.031059 0.027369 0.025707 0.025431 0.025314 0.025083 0.024775 0.024394 0.023946 0.023434 0.022865 0.022242 0.021570 0.020853 0.020094 0.019296 0.018463 0.017597 0.016701 0.015777 0.014829 0.013858 0.012866 0.011856 0.010829 0.009787 0.008731 0.007665 0.006588 0.005502 0.004410 0.003312 0.002211 0.001106 0.000000 
0.000000 0.013930 0.025371 0.034332 0.040824 0.044855 0.046436 0.045573 0.042305 0.036183 0.033533 0.032818 0.032338 0.031744 0.031079 0.030346 0.029548 0.028691 0.027779 0.026816 0.025806 0.024752 0.023658 0.022526 0.021361 0.020164 0.018938 0.017687 0.016412 0.015115 0.013799 0.012466 0.011118 0.009756 0.008383 0.007001 0.005610 0.004213 0.002811 0.001406 0.000000 
0.000000 0.016412 0.030333 0.041774 0.050745 0.057253 0.061310 0.062923 0.062101 0.058849 0.053218 0.044614 0.040926 0.039726 0.038836 0.037833 0.036767 0.035637 0.034449 0.033206 0.031912 0.030572 0.029188 0.027764 0.026303 0.024809 0.023283 0.021730 0.020150 0.018548 0.016925 0.015283 0.013625 0.011952 0.010267 0.008572 0.006867 0.005157 0.003441 0.001721 0.000000 
0.000000 0.018806 0.035121 0.048957 0.060322 0.069228 0.075682 0.079695 0.081275 0.080431 0.077170 0.071497 0.063476 0.052369 0.047613 0.045891 0.044558 0.043112 0.041610 0.040052 0.038442 0.036783 0.035079 0.033334 0.031551 0.029733 0.027883 0.026004 0.024098 0.022169 0.020218 0.018248 0.016261 0.014259 0.012245 0.010220 0.008187 0.006146 0.004100 0.002051 0.000000 
0.000000 0.021110 0.039731 0.055874 0.069549 0.080766 0.089537 0.095871 0.099777 0.101266 0.100346 0.097026 0.091314 0.083214 0.072801 0.059197 0.053357 0.051088 0.049284 0.047370 0.045409 0.043399 0.041345 0.039249 0.037115 0.034946 0.032746 0.030516 0.028261 0.025983 0.023683 0.021365 0.019030 0.016681 0.014320 0.011949 0.009569 0.007183 0.004791 0.002396 0.000000 
0.000000 0.023320 0.044152 0.062507 0.078399 0.091838 0.102835 0.111403 0.117552 0.121293 0.122636 0.121592 0.118169 0.112378 0.104226 0.093716 0.080938 0.064874 0.057946 0.055113 0.052820 0.050420 0.047983 0.045506 0.042992 0.040446 0.037869 0.035265 0.032636 0.029986 0.027317 0.024630 0.021929 0.019214 0.016489 0.013754 0.011012 0.008264 0.005512 0.002757 0.000000 
0.000000 0.025425 0.048363 0.068828 0.086833 0.102392 0.115517 0.126222 0.134519 0.140420 0.143937 0.145083 0.143867 0.140302 0.134398 0.126163 0.115608 0.102735 0.087646 0.069190 0.061188 0.057781 0.054987 0.052092 0.049170 0.046217 0.043238 0.040234 0.037209 0.034165 0.031105 0.028031 0.024944 0.021847 0.018741 0.015628 0.012509 0.009386 0.006259 0.003130 0.000000 
0.000000 0.027412 0.052339 0.074797 0.094801 0.112365 0.127505 0.140235 0.150571 0.158526 0.164114 0.167349 0.168244 0.166812 0.163066 0.157017 0.148677 0.138057 0.125166 0.110007 0.092694 0.071952 0.062905 0.058923 0.055625 0.052233 0.048824 0.045396 0.041952 0.038493 0.035023 0.031543 0.028054 0.024559 0.021059 0.017555 0.014047 0.010537 0.007026 0.003513 0.000000 
0.000000 0.029266 0.056050 0.080369 0.102239 0.121679 0.138705 0.153334 0.165583 0.175468 0.183006 0.188212 0.191103 0.191693 0.189998 0.186032 0.179808 0.171340 0.160642 0.147724 0.132599 0.115268 0.095859 0.072978 0.062936 0.058388 0.054592 0.050709 0.046824 0.042930 0.039032 0.035129 0.031225 0.027320 0.023415 0.019511 0.015607 0.011704 0.007802 0.003901 0.000000 
0.000000 0.030971 0.059461 0.085490 0.109078 0.130245 0.149009 0.165390 0.179408 0.191080 0.200427 0.207466 0.212217 0.214696 0.214922 0.212912 0.208684 0.202253 0.193635 0.182846 0.169901 0.154813 0.137596 0.118252 0.096921 0.072102 0.061138 0.056047 0.051769 0.047415 0.043073 0.038736 0.034406 0.030083 0.025768 0.021460 0.017159 0.012863 0.008573 0.004286 0.000000 
0.000000 0.032505 0.062532 0.090104 0.115241 0.137966 0.158300 0.176267 0.191887 0.205182 0.216174 0.224884 0.231333 0.235543 0.237535 0.237329 0.234946 0.230406 0.223729 0.214934 0.204040 0.191065 0.176027 0.158941 0.139825 0.118681 0.095661 0.069175 0.057395 0.051799 0.047072 0.042284 0.037522 0.032779 0.028055 0.023349 0.018658 0.013981 0.009315 0.004655 0.000000 
0.000000 0.033850 0.065225 0.094148 0.120644 0.144738 0.166454 0.185817 0.202850 0.217578 0.230026 0.240219 0.248180 0.253934 0.257507 0.258921 0.258202 0.255374 0.250462 0.243489 0.234478 0.223455 0.210441 0.195459 0.178530 0.159676 0.138918 0.116259 0.091866 0.064075 0.051629 0.045592 0.040471 0.035306 0.030185 0.025096 0.020037 0.015004 0.009991 0.004992 0.000000 
0.000000 0.034985 0.067498 0.097563 0.125208 0.150460 0.173345 0.193891 0.212124 0.228072 0.241762 0.253221 0.262477 0.269558 0.274493 0.277309 0.278035 0.276701 0.273334 0.267966 0.260625 0.251341 0.240144 0.227064 0.212130 0.195372 0.176820 0.156500 0.134440 0.110652 0.085313 0.056718 0.043821 0.037444 0.032020 0.026574 0.021188 0.015847 0.010543 0.005265 0.000000 
0.000000 0.035892 0.069312 0.100290 0.128854 0.155032 0.178854 0.200348 0.219545 0.236474 0.251164 0.263646 0.273951 0.282109 0.288153 0.292114 0.294026 0.293922 0.291837 0.287804 0.281861 0.274043 0.264390 0.252938 0.239728 0.224800 0.208194 0.189953 0.170118 0.148730 0.125830 0.101443 0.075763 0.047081 0.034061 0.027507 0.021932 0.016361 0.010866 0.005420 0.000000 
0.000000 0.036553 0.070636 0.102279 0.131513 0.158368 0.182874 0.205063 0.224965 0.242613 0.258039 0.271274 0.282352 0.291307 0.298174 0.302988 0.305785 0.306603 0.305482 0.302461 0.297581 0.290888 0.282425 0.272241 0.260386 0.246911 0.231872 0.215327 0.197337 0.177966 0.157279 0.135347 0.112240 0.088014 0.062896 0.035243 0.022636 0.016198 0.010751 0.005340 0.000000 
0.000000 0.036955 0.071441 0.103490 0.133131 0.160398 0.185322 0.207935 0.228268 0.246356 0.262231 0.275928 0.287481 0.296926 0.304300 0.309640 0.312986 0.314378 0.313858 0.311470 0.307260 0.301278 0.293574 0.284204 0.273225 0.260701 0.246700 0.231295 0.214566 0.196602 0.177501 0.157369 0.136327 0.114510 0.092067 0.069146 0.046077 0.021450 0.010312 0.004619 0.000000 
0.000000 0.037090 0.071712 0.103896 0.133675 0.161081 0.186145 0.208900 0.229378 0.247614 0.263641 0.277493 0.289206 0.298817 0.306362 0.311881 0.315412 0.316999 0.316683 0.314512 0.310531 0.304793 0.297351 0.288262 0.277589 0.265399 0.251765 0.236769 0.220499 0.203057 0.184559 0.165137 0.144948 0.124180 0.103065 0.081899 0.061069 0.041073 0.022939 0.005112 0.000000 
0.000000 0.036955 0.071441 0.103490 0.133131 0.160398 0.185322 0.207935 0.228268 0.246356 0.262231 0.275928 0.287481 0.296926 0.304300 0.309640 0.312986 0.314378 0.313858 0.311470 0.307260 0.301278 0.293574 0.284204 0.273225 0.260702 0.246700 0.231295 0.214566 0.196603 0.177501 0.157369 0.136328 0.114510 0.092067 0.069146 0.046078 0.021450 0.010313 0.004619 0.000000 
0.000000 0.036553 0.070636 0.102279 0.131513 0.158368 0.182874 0.205063 0.224965 0.242613 0.258039 0.271274 0.282352 0.291307 0.298174 0.302988 0.305785 0.306603 0.305482 0.302461 0.297581 0.290888 0.282425 0.272241 0.260386 0.246911 0.231872 0.215327 0.197337 0.177966 0.157279 0.135347 0.112240 0.088014 0.062896 0.035243 0.022636 0.016198 0.010751 0.005340 0.000000 
0.000000 0.035892 0.069312 0.100290 0.128854 0.155032 0.178854 0.200349 0.219545 0.236474 0.251164 0.263646 0.273951 0.282109 0.288153 0.292115 0.294027 0.293923 0.291837 0.287804 0.281861 0.274044 0.264390 0.252938 0.239728 0.224800 0.208194 0.189953 0.170118 0.148730 0.125830 0.101444 0.075763 0.047082 0.034061 0.027507 0.021932 0.016362 0.010866 0.005420 0.000000 
0.000000 0.034985 0.067498 0.097563 0.125208 0.150460 0.173345 0.193891 0.212124 0.228072 0.241762 0.253221 0.262477 0.269558 0.274493 0.277309 0.278035 0.276701 0.273335 0.267966 0.260625 0.251341 0.240144 0.227064 0.212130 0.195373 0.176820 0.156500 0.134440 0.110652 0.085313 0.056718 0.043822 0.037444 0.032020 0.026574 0.021188 0.015847 0.010544 0.005265 0.000000 
0.000000 0.033850 0.065225 0.094148 0.120645 0.144739 0.166454 0.185817 0.202850 0.217578 0.230026 0.240219 0.248180 0.253935 0.257507 0.258921 0.258202 0.255375 0.250462 0.243489 0.234479 0.223455 0.210441 0.195459 0.178530 0.159677 0.138918 0.116259 0.091866 0.064075 0.051629 0.045592 0.040471 0.035306 0.030185 0.025096 0.020037 0.015004 0.009991 0.004992 0.000000 
0.000000 0.032505 0.062532 0.090104 0.115241 0.137966 0.158301 0.176267 0.191887 0.205182 0.216174 0.224884 0.231333 0.235543 0.237535 0.237329 0.234946 0.230407 0.223730 0.214935 0.204041 0.191066 0.176027 0.158941 0.139825 0.118681 0.095662 0.069175 0.057396 0.051800 0.047073 0.042284 0.037522 0.032779 0.028055 0.023349 0.018658 0.013981 0.009315 0.004655 0.000000 
0.000000 0.030971 0.059461 0.085490 0.109078 0.130245 0.149009 0.165391 0.179408 0.191081 0.200427 0.207467 0.212217 0.214696 0.214922 0.212913 0.208684 0.202253 0.193635 0.182847 0.169901 0.154813 0.137597 0.118252 0.096921 0.072102 0.061139 0.056047 0.051769 0.047416 0.043074 0.038736 0.034406 0.030083 0.025768 0.021460 0.017159 0.012863 0.008573 0.004286 0.000000 
0.000000 0.029266 0.056050 0.080369 0.102239 0.121679 0.138705 0.153334 0.165583 0.175468 0.183006 0.188212 0.191103 0.191693 0.189998 0.186032 0.179808 0.171341 0.160642 0.147724 0.132600 0.115268 0.095860 0.072978 0.062937 0.058389 0.054592 0.050709 0.046824 0.042930 0.039032 0.035130 0.031225 0.027320 0.023415 0.019511 0.015607 0.011704 0.007802 0.003901 0.000000 
0.000000 0.027412 0.052339 0.074797 0.094801 0.112365 0.127505 0.140236 0.150571 0.158526 0.164114 0.167349 0.168244 0.166813 0.163067 0.157018 0.148678 0.138057 0.125167 0.110007 0.092695 0.071952 0.062906 0.058924 0.055626 0.052233 0.048825 0.045397 0.041952 0.038494 0.035023 0.031543 0.028054 0.024559 0.021059 0.017555 0.014047 0.010537 0.007026 0.003513 0.000000 
0.000000 0.025425 0.048363 0.068828 0.086833 0.102392 0.115517 0.126222 0.134519 0.140420 0.143937 0.145083 0.143868 0.140303 0.134398 0.126163 0.115609 0.102735 0.087646 0.069190 0.061189 0.057782 0.054988 0.052093 0.049170 0.046218 0.043238 0.040234 0.037209 0.034165 0.031105 0.028031 0.024944 0.021847 0.018741 0.015628 0.012509 0.009386 0.006259 0.003130 0.000000 
0.000000 0.023320 0.044152 0.062507 0.078399 0.091838 0.102835 0.111403 0.117552 0.121293 0.122637 0.121592 0.118170 0.112378 0.104226 0.093716 0.080938 0.064874 0.057947 0.055114 0.052820 0.050421 0.047984 0.045506 0.042993 0.040446 0.037869 0.035265 0.032637 0.029986 0.027317 0.024630 0.021929 0.019214 0.016489 0.013754 0.011012 0.008264 0.005512 0.002757 0.000000 
0.000000 0.021110 0.039731 0.055874 0.069549 0.080766 0.089537 0.095871 0.099777 0.101266 0.100346 0.097026 0.091315 0.083214 0.072802 0.059198 0.053357 0.051089 0.049285 0.047371 0.045410 0.043400 0.041345 0.039249 0.037115 0.034946 0.032746 0.030517 0.028261 0.025983 0.023683 0.021365 0.019030 0.016682 0.014320 0.011949 0.009569 0.007183 0.004791 0.002396 0.000000 
0.000000 0.018806 0.035121 0.048957 0.060322 0.069228 0.075682 0.079695 0.081275 0.080431 0.077171 0.071498 0.063477 0.052369 0.047614 0.045892 0.044558 0.043112 0.041611 0.040053 0.038442 0.036784 0.035080 0.033335 0.031551 0.029733 0.027883 0.026004 0.024098 0.022169 0.020218 0.018248 0.016261 0.014260 0.012245 0.010221 0.008187 0.006146 0.004100 0.002051 0.000000 
0.000000 0.016412 0.030333 0.041774 0.050745 0.057254 0.061310 0.062923 0.062101 0.058849 0.053218 0.044614 0.040927 0.039726 0.038836 0.037833 0.036767 0.035638 0.034449 0.033206 0.031913 0.030572 0.029188 0.027764 0.026304 0.024809 0.023284 0.021730 0.020150 0.018548 0.016925 0.015283 0.013625 0.011952 0.010267 0.008572 0.006868 0.005157 0.003441 0.001721 0.000000 
0.000000 0.013930 0.025371 0.034332 0.040824 0.044855 0.046436 0.045573 0.042306 0.036183 0.033533 0.032819 0.032338 0.031744 0.031080 0.030346 0.029549 0.028692 0.027780 0.026817 0.025806 0.024752 0.023658 0.022527 0.021361 0.020164 0.018939 0.017687 0.016412 0.015115 0.013799 0.012466 0.011118 0.009757 0.008384 0.007001 0.005610 0.004213 0.002811 0.001406 0.000000 
0.000000 0.011358 0.020227 0.026619 0.030546 0.032016 0.031059 0.027369 0.025707 0.025431 0.025314 0.025083 0.024776 0.024395 0.023946 0.023434 0.022865 0.022243 0.021571 0.020853 0.020094 0.019296 0.018463 0.017597 0.016701 0.015777 0.014829 0.013858 0.012866 0.011856 0.010829 0.009787 0.008731 0.007665 0.006588 0.005502 0.004410 0.003312 0.002211 0.001106 0.000000 
0.000000 0.008681 0.014876 0.018600 0.019871 0.018530 0.017784 0.017882 0.018065 0.018135 0.018123 0.018034 0.017877 0.017655 0.017376 0.017044 0.016663 0.016238 0.015772 0.015268 0.014730 0.014160 0.013562 0.012937 0.012288 0.011616 0.010925 0.010215 0.009489 0.008748 0.007993 0.007226 0.006449 0.005663 0.004868 0.004067 0.003260 0.002449 0.001634 0.000818 0.000000 
0.000000 0.005881 0.009270 0.010154 0.010214 0.010589 0.010980 0.011258 0.011451 0.011569 0.011620 0.011611 0.011549 0.011438 0.011285 0.011091 0.010862 0.010601 0.010310 0.009992 0.009650 0.009285 0.008899 0.008495 0.008074 0.007637 0.007186 0.006722 0.006247 0.005761 0.005265 0.004762 0.004251 0.003733 0.003210 0.002682 0.002150 0.001615 0.001078 0.000539 0.000000 
0.000000 0.003021 0.003702 0.004181 0.004619 0.004948 0.005199 0.005387 0.005520 0.005608 0.005656 0.005671 0.005655 0.005613 0.005547 0.005460 0.005354 0.005230 0.005091 0.004938 0.004772 0.004594 0.004406 0.004208 0.004001 0.003786 0.003563 0.003334 0.003099 0.002859 0.002613 0.002364 0.002110 0.001854 0.001594 0.001332 0.001068 0.000802 0.000536 0.000268 0.000000 
0.000000 0.000000 0.000000 0.000000 0.000000 0.000000 0.000000 0.000000 0.000000 0.000000 0.000000 0.000000 0.000000 0.000000 0.000000 0.000000 0.000000 0.000000 0.000000 0.000000 0.000000 0.000000 0.000000 0.000000 0.000000 0.000000 0.000000 0.000000 0.000000 0.000000 0.000000 0.000000 0.000000 0.000000 0.000000 0.000000 0.000000 0.000000 0.000000 0.000000 0.000000 